-283.80029296875,391.6999816894531,10000
-283.80029296875,391.699951171875,10000
-283.80029296875,391.699951171875,10000
-283.8003234863281,391.699951171875,10000
-283.8003234863281,391.699951171875,10000
-283.80035400390625,391.699951171875,10000
-283.80035400390625,391.6999206542969,10000
-283.80035400390625,391.6999206542969,10000
-283.80035400390625,391.6999206542969,10000
-283.80035400390625,391.6999206542969,10000
-283.80035400390625,391.6999206542969,10000
-283.80035400390625,391.6999206542969,10000
-283.80035400390625,391.6999206542969,10000
-283.80035400390625,391.6999206542969,10000
-283.80035400390625,391.6999206542969,10000
-283.80035400390625,391.6999206542969,10000
-283.80035400390625,391.6999206542969,10000
-283.80035400390625,391.6999206542969,10000
-283.80035400390625,391.6999206542969,10000
-283.80035400390625,391.6999206542969,10000
-283.80035400390625,391.6999206542969,10000
-283.80035400390625,391.6999206542969,10000
-283.80035400390625,391.6999206542969,10000
-283.80035400390625,391.6999206542969,10000
-283.80035400390625,391.6999206542969,10000
-283.80035400390625,391.6999206542969,10000
-283.80035400390625,391.6999206542969,10000
-283.80035400390625,391.6999206542969,10000
-283.80035400390625,391.6999206542969,10000
-283.80035400390625,391.6999206542969,10000
-283.80035400390625,391.6999206542969,10000
-283.8067932128906,391.7176513671875,10000
-283.83251953125,391.7883605957031,10000
-283.87213134765625,391.8970642089844,10000
-283.9212951660156,392.03240966796875,10000
-283.97760009765625,392.187255859375,10000
-284.0394592285156,392.35748291015625,1014
-284.1060791015625,392.5407409667969,1015
-284.1769104003906,392.7356262207031,1015
-284.25164794921875,392.9412841796875,1040
-284.3300476074219,393.1571350097656,1040
-284.4120788574219,393.3830871582031,1040
-284.4976501464844,393.6187744140625,587
-284.5867004394531,393.8642578125,588
-284.6792907714844,394.11944580078125,588
-284.7753601074219,394.3842468261719,445
-284.8748779296875,394.6588134765625,315
-284.9779052734375,394.9432067871094,255
-285.08441162109375,395.2373046875,205
-285.19439697265625,395.54119873046875,172
-285.3078918457031,395.8548278808594,10000
-285.4249267578125,396.1783752441406,10000
-285.54547119140625,396.5117492675781,577
-285.66949462890625,396.8551025390625,592
-285.7970275878906,397.20831298828125,10000
-285.9280700683594,397.5714416503906,10000
-286.0625915527344,397.9444580078125,676
-286.2005920410156,398.3273620605469,10000
-286.342041015625,398.7201843261719,10000
-286.4869384765625,399.1228942871094,10000
-286.63525390625,399.5353698730469,10000
-286.7870178222656,399.9577941894531,10000
-286.942138671875,400.3900451660156,825
-287.10064697265625,400.83203125,864
-287.2625427246094,401.283935546875,903
-287.427734375,401.74560546875,914
-287.59625244140625,402.2170715332031,954
-287.76806640625,402.6982727050781,964
-287.94317626953125,403.1892395019531,10000
-288.12152099609375,403.68994140625,1048
-288.3031311035156,404.2004699707031,1055
-288.4879455566406,404.72064208984375,1098
-288.67596435546875,405.25048828125,10000
-288.8671875,405.7900695800781,10000
-289.06158447265625,406.3393249511719,1193
-289.2590637207031,406.8982849121094,1239
-289.45965576171875,407.46685791015625,1243
-289.6632995605469,408.0451354980469,1289
-289.87005615234375,408.63299560546875,1336
-290.0798034667969,409.23052978515625,1384
-290.29254150390625,409.8377380371094,1386
-290.5082702636719,410.4544677734375,1433
-290.7269287109375,411.0808410644531,1029
-290.9485168457031,411.7168273925781,1007
-291.17303466796875,412.3624572753906,1016
-291.4003601074219,413.017578125,1022
-291.63055419921875,413.6822814941406,1036
-291.863525390625,414.3565673828125,827
-292.0992736816406,415.0403747558594,1011
-292.3377380371094,415.73370361328125,1020
-292.5789489746094,416.4366455078125,1028
-292.82275390625,417.1490478515625,1014
-293.06927490234375,417.8709716796875,1020
-293.318359375,418.6024475097656,1449
-293.5700378417969,419.3433837890625,1028
-293.8242492675781,420.09381103515625,856
-294.0809631347656,420.8537292480469,1012
-294.3401794433594,421.6231689453125,827
-294.6018371582031,422.4019775390625,1032
-294.8658752441406,423.1903076171875,841
-295.13232421875,423.988037109375,857
-295.40106201171875,424.7952575683594,1006
-295.6720886230469,425.61187744140625,1024
-295.9454650878906,426.43792724609375,1020
-296.2209777832031,427.2734375,1037
-296.49871826171875,428.1183166503906,1055
-296.77862548828125,428.9725646972656,1048
-297.0606689453125,429.8362731933594,835
-297.3447570800781,430.7093505859375,828
-297.63092041015625,431.5918273925781,842
-297.9190673828125,432.4836730957031,855
-298.2091979980469,433.3849182128906,846
-298.5012512207031,434.2955017089844,744
-298.7952575683594,435.21539306640625,836
-299.0910949707031,436.1446533203125,1011
-299.3887939453125,437.08319091796875,838
-299.6882629394531,438.0310974121094,850
-299.989501953125,438.9883117675781,1057
-300.2924499511719,439.9548034667969,850
-300.5970458984375,440.93060302734375,862
-300.9033203125,441.915771484375,837
-301.211181640625,442.9101867675781,848
-301.5206604003906,443.913818359375,833
-301.8316955566406,444.9267578125,1035
-302.1442565917969,445.9488830566406,856
-302.4583435058594,446.9802551269531,1062
-302.7738952636719,448.0208740234375,1076
-303.0909423828125,449.0706787109375,823
-303.409423828125,450.1297302246094,1020
-303.7293701171875,451.1978759765625,844
-304.05072021484375,452.2752380371094,1046
-304.3735046386719,453.36175537109375,1498
-304.6977233886719,454.4573974609375,1035
-305.0233459472656,455.5621643066406,1482
-305.3503723144531,456.6759338378906,1060
-305.6788635253906,457.798828125,1073
-306.0087585449219,458.9306945800781,1463
-306.340087890625,460.0716247558594,1480
-306.67291259765625,461.2215881347656,1020
-307.0071716308594,462.3804931640625,1031
-307.3428955078125,463.54840087890625,1043
-307.68017578125,464.7252197265625,1054
-308.0189514160156,465.9109191894531,1066
-308.3592834472656,467.10552978515625,1078
-308.701171875,468.3089599609375,855
-309.04437255859375,469.5213623046875,864
-309.38873291015625,470.74261474609375,1016
-309.7342224121094,471.97283935546875,1027
-310.08056640625,473.21197509765625,1038
-310.4277648925781,474.4601745605469,1049
-310.7755126953125,475.71734619140625,749
-311.1236572265625,476.9834899902344,757
-311.4720764160156,478.2588195800781,846
-311.8205871582031,479.5431823730469,854
-312.1689453125,480.836669921875,668
-312.5170593261719,482.1392822265625,675
-312.86480712890625,483.4510192871094,681
-313.21197509765625,484.7718200683594,652
-313.55841064453125,486.1018981933594,658
-313.90399169921875,487.4410705566406,606
-314.2484436035156,488.7895202636719,567
-314.5917053222656,490.1471862792969,511
-314.93353271484375,491.5140380859375,516
-315.2737731933594,492.89019775390625,491
-315.6121826171875,494.2756042480469,495
-315.9486083984375,495.6702575683594,452
-316.28265380859375,497.07427978515625,437
-316.61419677734375,498.4876403808594,423
-316.9429931640625,499.91033935546875,427
-317.26873779296875,501.3424377441406,401
-317.5910949707031,502.783935546875,380
-317.9098815917969,504.23492431640625,379
-318.2247314453125,505.69525146484375,369
-318.5354309082031,507.1650695800781,350
-318.8415832519531,508.6443786621094,343
-319.1429443359375,510.1331481933594,328
-319.4391784667969,511.63140869140625,315
-319.73004150390625,513.13916015625,304
-320.0147705078125,514.6564331054688,295
-320.2928466796875,516.1832885742188,292
-320.5638732910156,517.7196044921875,284
-320.82733154296875,519.2655029296875,276
-321.0827941894531,520.8209838867188,274
-321.3298645019531,522.3859252929688,268
-321.56817626953125,523.9603881835938,264
-321.79736328125,525.5443115234375,262
-322.0172119140625,527.1376342773438,260
-322.2275695800781,528.740234375,262
-322.4283447265625,530.3521118164062,260
-322.6194763183594,531.9732055664062,262
-322.8009033203125,533.6033935546875,264
-322.97259521484375,535.2425537109375,265
-323.13470458984375,536.890625,272
-323.2872619628906,538.5476684570312,278
-323.43035888671875,540.21337890625,276
-323.5640563964844,541.8878173828125,282
-323.6884765625,543.5709228515625,284
-323.80364990234375,545.2625122070312,297
-323.9097900390625,546.962646484375,299
-324.0068664550781,548.6712036132812,315
-324.094970703125,550.3881225585938,317
-324.1741638183594,552.1133422851562,319
-324.24444580078125,553.8468017578125,329
-324.3059387207031,555.5883178710938,339
-324.3586120605469,557.3379516601562,341
-324.4024963378906,559.0957641601562,344
-324.43756103515625,560.8613891601562,337
-324.4638671875,562.6348266601562,343
-324.48126220703125,564.4164428710938,345
-324.4898681640625,566.2055053710938,358
-324.48974609375,568.0023803710938,350
-324.4808044433594,569.80712890625,362
-324.4629211425781,571.619384765625,365
-324.4359130859375,573.4392700195312,357
-324.3997497558594,575.2666015625,369
-324.3543395996094,577.101318359375,372
-324.2995910644531,578.943359375,374
-324.2354736328125,580.7927856445312,376
-324.1618957519531,582.6494140625,378
-324.0788269042969,584.5131225585938,380
-323.9862365722656,586.384033203125,396
-323.8841247558594,588.2620239257812,399
-323.7724914550781,590.1469116210938,401
-323.6513671875,592.038818359375,403
-323.5208435058594,593.9376220703125,406
-323.380859375,595.8432006835938,408
-323.2315368652344,597.7555541992188,411
-323.07293701171875,599.6746826171875,413
-322.9050598144531,601.6004638671875,431
-322.7278747558594,603.532958984375,418
-322.54144287109375,605.4719848632812,436
-322.3457336425781,607.4175415039062,438
-322.14068603515625,609.3695678710938,427
-321.92620849609375,611.3280029296875,429
-321.7022399902344,613.292724609375,431
-321.4685363769531,615.2637329101562,402
-321.22491455078125,617.2409057617188,419
-320.9710998535156,619.2240600585938,406
-320.7068176269531,621.2131958007812,394
-320.43170166015625,623.2081298828125,384
-320.1454162597656,625.208740234375,374
-319.8474426269531,627.21484375,366
-319.5374450683594,629.226318359375,343
-319.2148742675781,631.2429809570312,345
-318.87921142578125,633.2644653320312,337
-318.5299377441406,635.2908325195312,315
-318.16656494140625,637.3216552734375,316
-317.7886657714844,639.3568115234375,298
-317.3956604003906,641.3961181640625,294
-316.98699951171875,643.4391479492188,290
-316.56219482421875,645.4857788085938,281
-316.1206970214844,647.53564453125,269
-315.6619567871094,649.5885620117188,262
-315.1854553222656,651.64404296875,256
-314.6905517578125,653.7018432617188,250
-314.1767272949219,655.76171875,242
-313.6434020996094,657.8230590820312,237
-313.0899353027344,659.8855590820312,230
-312.5157775878906,661.9489135742188,226
-311.9203186035156,664.0125732421875,221
-311.3029479980469,666.0759887695312,215
-310.66302490234375,668.1387939453125,210
-309.99993896484375,670.2003173828125,208
-309.3131408691406,672.2601928710938,202
-308.6020812988281,674.3178100585938,201
-307.8663330078125,676.37255859375,197
-307.10540771484375,678.4241943359375,194
-306.3190002441406,680.4720458984375,194
-305.5068359375,682.5155029296875,191
-304.668701171875,684.554443359375,192
-303.80450439453125,686.5881958007812,190
-302.91424560546875,688.6165771484375,191
-301.9979553222656,690.6390380859375,193
-301.0556640625,692.655517578125,192
-300.0873107910156,694.66552734375,197
-299.09326171875,696.6688842773438,196
-298.07373046875,698.6654052734375,200
-297.0290832519531,700.6550903320312,204
-295.9596252441406,702.6376953125,211
-294.86578369140625,704.6134033203125,216
-293.74810791015625,706.5821533203125,222
-292.6071472167969,708.5440673828125,231
-291.4435119628906,710.4993286132812,238
-290.2579345703125,712.4481811523438,253
-289.0510559082031,714.3909301757812,258
-287.8236999511719,716.3279418945312,276
-286.57672119140625,718.2596435546875,293
-285.3109436035156,720.1865234375,306
-284.0271911621094,722.1091918945312,321
-282.7263488769531,724.0279541015625,346
-281.40924072265625,725.9434204101562,368
-280.0766296386719,727.8560180664062,393
-278.729248046875,729.7661743164062,424
-277.36773681640625,731.6744384765625,443
-275.99273681640625,733.5809936523438,465
-274.6047668457031,735.4864501953125,490
-273.2043151855469,737.3907470703125,518
-271.7915954589844,739.294189453125,520
-270.3669128417969,741.1969604492188,554
-268.9304504394531,743.0990600585938,556
-267.4822692871094,745.0005493164062,559
-266.0225524902344,746.9012451171875,600
-264.5511779785156,748.8010864257812,563
-263.0679931640625,750.7000732421875,565
-261.5729064941406,752.59765625,535
-260.0657043457031,754.4938354492188,537
-258.5462341308594,756.3883666992188,539
-257.01416015625,758.2808227539062,514
-255.46926879882812,760.1708984375,492
-253.91122436523438,762.0581665039062,472
-252.3396759033203,763.9422607421875,474
-250.75436401367188,765.8226318359375,441
-249.15489196777344,767.698974609375,427
-247.5408935546875,769.5709228515625,429
-245.91200256347656,771.4376220703125,394
-244.26788330078125,773.2988891601562,395
-242.608154296875,775.154052734375,397
-240.9324951171875,777.0027465820312,374
-239.24058532714844,778.8441162109375,365
-237.53184509277344,780.6776123046875,339
-235.80581665039062,782.5023803710938,332
-234.06202697753906,784.3178100585938,319
-232.30018615722656,786.1231689453125,306
-230.51988220214844,787.917724609375,300
-228.72067260742188,789.7007446289062,295
-226.9022979736328,791.4713745117188,290
-225.06448364257812,793.2291259765625,285
-223.20692443847656,794.9730834960938,275
-221.32948303222656,796.702880859375,271
-219.43206787109375,798.41796875,272
-217.51466369628906,800.1175537109375,268
-215.57728576660156,801.8015747070312,269
-213.6199951171875,803.4698486328125,265
-211.6428985595703,805.1219482421875,270
-209.64614868164062,806.7576293945312,271
-207.62991333007812,808.3767700195312,268
-205.59439086914062,809.9791870117188,268
-203.53977966308594,811.5648193359375,273
-201.46632385253906,813.1334228515625,274
-199.37425231933594,814.6852416992188,275
-197.2637481689453,816.2198486328125,271
-195.13504028320312,817.7373046875,281
-192.98829650878906,819.237548828125,282
-190.82373046875,820.7202758789062,278
-188.6414337158203,822.185546875,283
-186.4417266845703,823.6328735351562,279
-184.22470092773438,825.0623779296875,280
-181.99046325683594,826.4735107421875,281
-179.73915100097656,827.8660888671875,277
-177.47080993652344,829.23974609375,278
-175.18557739257812,830.593994140625,278
-172.8835906982422,831.928466796875,271
-170.56495666503906,833.242919921875,271
-168.22972106933594,834.5368041992188,272
-165.87803649902344,835.8096923828125,269
-163.510009765625,837.0611572265625,269
-161.12579345703125,838.2908935546875,266
-158.7255096435547,839.4983520507812,267
-156.3093719482422,840.6832885742188,271
-153.87754821777344,841.845458984375,264
-151.43023681640625,842.9842529296875,265
-148.96766662597656,844.0996704101562,269
-146.49009704589844,845.1915283203125,270
-143.99777221679688,846.2598876953125,270
-141.490966796875,847.3047485351562,275
-138.9699249267578,848.326171875,280
-136.4350128173828,849.3239135742188,285
-133.886474609375,850.2987060546875,285
-131.3246612548828,851.2503662109375,296
-128.74986267089844,852.179443359375,296
-126.16239929199219,853.086181640625,307
-123.56261444091797,853.9710083007812,314
-120.9508056640625,854.8346557617188,327
-118.3272933959961,855.6775512695312,342
-115.69239044189453,856.5003051757812,350
-113.04643249511719,857.3037109375,360
-110.38969421386719,858.0884399414062,389
-107.72250366210938,858.855224609375,402
-105.04515075683594,859.6050415039062,415
-102.35791778564453,860.3384399414062,445
-99.66106414794922,861.0565185546875,482
-96.95487976074219,861.7601928710938,505
-94.23963928222656,862.4501953125,531
-91.51556396484375,863.1273803710938,562
-88.78289031982422,863.792724609375,598
-86.0418472290039,864.4471435546875,641
-83.29266357421875,865.0911254882812,694
-80.53553009033203,865.7257690429688,696
-77.77064514160156,866.351806640625,774
-74.99818420410156,866.9696655273438,896
-72.21830749511719,867.5799560546875,899
-69.43116760253906,868.1834106445312,901
-66.63688659667969,868.780517578125,1107
-63.83559036254883,869.3715209960938,1110
-61.02738952636719,869.95703125,1114
-58.21236801147461,870.5372314453125,1010
-55.390594482421875,871.1122436523438,10000
-52.562137603759766,871.682373046875,1016
-49.727054595947266,872.247802734375,1441
-46.88538360595703,872.8084106445312,1445
-44.03715896606445,873.3643798828125,1449
-41.182411193847656,873.9154663085938,1454
-38.32114791870117,874.4617919921875,1458
-35.45338821411133,875.003173828125,1462
-32.57913589477539,875.5394287109375,1466
-29.69840431213379,876.0704345703125,1470
-26.81119155883789,876.5960693359375,1474
-23.917491912841797,877.115966796875,1478
-21.017316818237305,877.6300048828125,1048
-18.110654830932617,878.137939453125,1486
-15.197511672973633,878.6396484375,1054
-12.277888298034668,879.1348266601562,1494
-9.351788520812988,879.6233520507812,1059
-6.419216632843018,880.104736328125,1062
-3.4801783561706543,880.578857421875,1065
-0.5346871614456177,881.0458984375,872
2.4172427654266357,881.5051879882812,1070
5.375595569610596,881.9567260742188,1073
8.340350151062012,882.4002685546875,1076
11.311480522155762,882.8360595703125,881
14.288962364196777,883.2640380859375,1082
17.27276611328125,883.6841430664062,1084
20.262859344482422,884.0955810546875,888
23.259199142456055,884.499267578125,1090
26.26175308227539,884.8951416015625,1093
29.270475387573242,885.2830200195312,894
32.28532028198242,885.6632080078125,1098
35.30624771118164,886.035400390625,1557
38.33320999145508,886.4005126953125,1104
41.36616134643555,886.7584228515625,1107
44.40504455566406,887.1094360351562,1569
47.4498176574707,887.4537963867188,1573
50.500423431396484,887.7919921875,1115
53.55680465698242,888.1242065429688,10000
56.618919372558594,888.450927734375,1584
59.68672180175781,888.7723388671875,1588
62.76015853881836,889.0888671875,1592
65.83917236328125,889.4010620117188,10000
68.92372131347656,889.7091064453125,1600
72.01376342773438,890.0134887695312,1604
75.10923767089844,890.3145141601562,10000
78.21012878417969,890.6126098632812,10000
81.31635284423828,890.9080200195312,10000
84.42788696289062,891.2009887695312,10000
87.54469299316406,891.4920654296875,10000
90.66673278808594,891.7813720703125,10000
93.79396057128906,892.0692749023438,10000
96.92633819580078,892.3560791015625,10000
100.06382751464844,892.641845703125,10000
103.20640563964844,892.927001953125,10000
106.35404968261719,893.2113647460938,10000
109.5067138671875,893.4957885742188,10000
112.66439056396484,893.7801513671875,10000
115.82704162597656,894.064453125,10000
118.9946517944336,894.3488159179688,10000
122.16719818115234,894.6331787109375,10000
125.34468841552734,894.9175415039062,1670
128.5270538330078,895.201904296875,10000
131.7143096923828,895.486572265625,1678
134.9064483642578,895.7717895507812,10000
138.1034698486328,896.0569458007812,10000
141.30532836914062,896.3424072265625,10000
144.5120086669922,896.6283569335938,1693
147.72354125976562,896.914306640625,10000
150.9398956298828,897.2005004882812,1701
154.16104125976562,897.4872436523438,10000
157.38699340820312,897.7739868164062,10000
160.6177215576172,898.0612182617188,10000
163.8531951904297,898.3487548828125,10000
167.09347534179688,898.6365356445312,1720
170.3384552001953,898.9248046875,10000
173.58816528320312,899.2135009765625,10000
176.8425750732422,899.5025634765625,10000
180.10166931152344,899.7922973632812,10000
183.36546325683594,900.0825805664062,10000
186.6339569091797,900.373291015625,10000
189.90708923339844,900.6646728515625,10000
193.18484497070312,900.956787109375,1750
196.46722412109375,901.24951171875,10000
199.7542266845703,901.5430297851562,10000
203.0458526611328,901.837158203125,10000
206.342041015625,902.132080078125,10000
209.64279174804688,902.4278564453125,10000
212.9476776123047,902.724609375,10000
216.25233459472656,903.0213012695312,1728
219.54733276367188,903.3179321289062,10000
222.82264709472656,903.6134033203125,10000
226.07098388671875,903.9069213867188,10000
229.28738403320312,904.197998046875,10000
232.4680938720703,904.4864501953125,10000
235.61038208007812,904.7720336914062,10000
238.71202087402344,905.0542602539062,1581
241.7714385986328,905.33349609375,10000
244.78726196289062,905.6094970703125,10000
247.75852966308594,905.8823852539062,10000
250.6844024658203,906.1524047851562,1595
253.56431579589844,906.419677734375,1559
256.3977355957031,906.6844482421875,10000
259.1842956542969,906.947265625,1489
261.92388916015625,907.208740234375,1456
264.6166687011719,907.4694213867188,1122
267.2630920410156,907.7299194335938,897
269.86590576171875,907.9916381835938,742
272.42938232421875,908.2565307617188,616
274.95654296875,908.5272216796875,534
277.4509582519531,908.80615234375,455
279.91729736328125,909.095458984375,415
282.3601989746094,909.3970947265625,371
284.7836608886719,909.7139892578125,337
287.1911926269531,910.047119140625,317
289.5858154296875,910.3981323242188,303
291.9700622558594,910.7680053710938,284
294.3453674316406,911.1577758789062,271
296.7089538574219,911.567626953125,252
299.0534973144531,911.9964599609375,231
301.3708190917969,912.4423217773438,217
303.6549377441406,912.904296875,198
305.9014892578125,913.3826904296875,183
308.1072082519531,913.8780517578125,167
310.2691345214844,914.3909912109375,152
312.38519287109375,914.921875,131
314.4534912109375,915.4708251953125,119
316.471923828125,916.0393676757812,106
318.4388732910156,916.62841796875,100
320.3544006347656,917.2412109375,90
322.2201843261719,917.882568359375,83
324.0374450683594,918.5567016601562,75
325.8073425292969,919.2672729492188,70
327.53094482421875,920.0171508789062,65
329.2087707519531,920.8086547851562,62
330.84088134765625,921.6429443359375,60
332.4268798828125,922.52099609375,57
333.96734619140625,923.4426879882812,55
335.46234130859375,924.408203125,53
336.9109802246094,925.4168701171875,52
338.3121337890625,926.4682006835938,51
339.6653747558594,927.5609741210938,51
340.97003173828125,928.6945190429688,51
342.2257080078125,929.8673706054688,50
343.4318542480469,931.0782470703125,51
344.58837890625,932.32568359375,51
345.69537353515625,933.6083374023438,52
346.7531433105469,934.9249267578125,53
347.76202392578125,936.2738037109375,55
348.72271728515625,937.6533203125,58
349.6367492675781,939.0621948242188,61
350.50604248046875,940.4987182617188,66
351.3323669433594,941.9614868164062,72
352.1183776855469,943.44873046875,82
352.86761474609375,944.9591064453125,95
353.5843200683594,946.4908447265625,115
354.2730407714844,948.0421142578125,148
354.9401550292969,949.6106567382812,211
355.5934753417969,951.194091796875,381
356.2406311035156,952.7896728515625,1482
356.8901062011719,954.3938598632812,665
357.5505676269531,956.0025634765625,287
358.22967529296875,957.6116943359375,183
358.93377685546875,959.2169799804688,138
359.6678771972656,960.8147583007812,112
360.4364013671875,962.4009399414062,96
361.2423095703125,963.9716796875,85
362.0879211425781,965.5240478515625,78
362.9749450683594,967.0543823242188,72
363.90435791015625,968.5594482421875,68
364.876708984375,970.0365600585938,65
365.89208984375,971.4830932617188,63
366.95013427734375,972.8966674804688,61
368.0504455566406,974.2750854492188,60
369.1920471191406,975.6165161132812,60
370.3739013671875,976.919677734375,60
371.5950622558594,978.1834106445312,60
372.8540954589844,979.4071044921875,60
374.14947509765625,980.5897216796875,61
375.4801025390625,981.7314453125,63
376.8443298339844,982.8323974609375,65
378.2406311035156,983.8932495117188,67
379.66729736328125,984.9146118164062,70
381.122802734375,985.898193359375,74
382.6056823730469,986.8457641601562,79
384.1141357421875,987.7596435546875,84
385.64654541015625,988.6421508789062,90
387.20123291015625,989.4962768554688,98
388.7767028808594,990.3247680664062,104
390.3714904785156,991.1306762695312,115
391.9840087890625,991.916748046875,126
393.6129150390625,992.6859741210938,141
395.25714111328125,993.440673828125,158
396.91552734375,994.1831665039062,176
398.58721923828125,994.9151611328125,200
400.27142333984375,995.6384887695312,223
401.9676818847656,996.3541259765625,250
403.6751403808594,997.0628662109375,278
405.3936767578125,997.7656860351562,312
407.1228332519531,998.4630737304688,368
408.8623352050781,999.1557006835938,411
410.6119689941406,999.8439331054688,430
412.3715515136719,1000.5282592773438,500
414.14080810546875,1001.208740234375,534
415.9195251464844,1001.8858642578125,574
417.7076416015625,1002.5601196289062,683
419.5048828125,1003.2318725585938,687
421.3110046386719,1003.901611328125,773
423.12591552734375,1004.569580078125,898
424.94940185546875,1005.2363891601562,1106
426.7811584472656,1005.9026489257812,1113
428.6210021972656,1006.568359375,1583
430.46905517578125,1007.2347412109375,1480
432.3245849609375,1007.90185546875,1489
434.18780517578125,1008.5701904296875,10000
436.0584411621094,1009.240234375,1506
437.9362487792969,1009.9122924804688,10000
439.8211669921875,1010.586669921875,1523
441.71307373046875,1011.2638549804688,10000
443.6117858886719,1011.944091796875,10000
445.5172424316406,1012.6275024414062,10000
447.4293518066406,1013.3142700195312,10000
449.3481140136719,1014.004638671875,10000
451.27337646484375,1014.6985473632812,10000
453.2052001953125,1015.3961791992188,10000
455.1434326171875,1016.0975341796875,1483
457.0881042480469,1016.8025512695312,10000
459.03924560546875,1017.51123046875,1499
460.9968566894531,1018.2236328125,10000
462.96087646484375,1018.939453125,10000
464.9314270019531,1019.6586303710938,10000
466.9085388183594,1020.3811645507812,10000
468.8922119140625,1021.1067504882812,10000
470.8824462890625,1021.8355102539062,10000
472.87933349609375,1022.567138671875,10000
474.8828125,1023.301513671875,10000
476.89300537109375,1024.0386962890625,10000
478.9098205566406,1024.7784423828125,10000
480.9333190917969,1025.520751953125,10000
482.9635009765625,1026.265625,10000
485.00030517578125,1027.0130615234375,10000
487.0437927246094,1027.76318359375,10000
489.0937805175781,1028.515869140625,10000
491.150390625,1029.2713623046875,10000
493.2135009765625,1030.0294189453125,10000
495.28314208984375,1030.7904052734375,10000
497.3592224121094,1031.553955078125,10000
499.4417419433594,1032.320556640625,10000
501.53070068359375,1033.08984375,10000
503.6260681152344,1033.862060546875,10000
505.72784423828125,1034.63671875,10000
507.83612060546875,1035.414306640625,10000
509.9508361816406,1036.1944580078125,10000
512.0720825195312,1036.976806640625,10000
514.1998901367188,1037.7615966796875,10000
516.334228515625,1038.5484619140625,10000
518.4751586914062,1039.3372802734375,10000
520.6227416992188,1040.1278076171875,10000
522.7770385742188,1040.920166015625,10000
524.9380493164062,1041.714111328125,10000
527.1058349609375,1042.5093994140625,10000
529.2802734375,1043.30615234375,10000
531.4614868164062,1044.1043701171875,10000
533.6495361328125,1044.9036865234375,10000
535.8443603515625,1045.7042236328125,10000
538.0458984375,1046.505859375,10000
540.2543334960938,1047.30859375,10000
542.4694213867188,1048.1121826171875,10000
544.6914672851562,1048.916748046875,1554
546.9203491210938,1049.721923828125,10000
549.1561279296875,1050.5277099609375,10000
551.3988647460938,1051.3338623046875,1574
553.6485595703125,1052.140625,10000
555.9052734375,1052.947265625,1587
558.1690673828125,1053.75341796875,1593
560.4401245117188,1054.5592041015625,10000
562.71826171875,1055.3641357421875,10000
565.0038452148438,1056.168212890625,1613
567.2969360351562,1056.9705810546875,10000
569.597412109375,1057.771240234375,1150
571.9057006835938,1058.5697021484375,1154
574.2218017578125,1059.3653564453125,1159
576.545654296875,1060.1578369140625,950
578.87744140625,1060.9468994140625,953
581.2174072265625,1061.7313232421875,829
583.5657348632812,1062.5108642578125,761
585.9225463867188,1063.284912109375,684
588.2879638671875,1064.052490234375,686
590.662109375,1064.813232421875,544
593.0452880859375,1065.56591796875,546
595.4375,1066.3096923828125,517
597.8391723632812,1067.043212890625,469
600.2503662109375,1067.765625,451
602.6710815429688,1068.4759521484375,398
605.1017456054688,1069.172607421875,372
607.5423583984375,1069.85400390625,361
609.9929809570312,1070.5196533203125,332
612.4537963867188,1071.16796875,310
614.9248046875,1071.797607421875,304
617.4059448242188,1072.4072265625,281
619.8971557617188,1072.99560546875,272
622.3984375,1073.561279296875,264
624.90966796875,1074.1033935546875,253
627.4305419921875,1074.6207275390625,243
629.9609985351562,1075.1119384765625,234
632.5006103515625,1075.5760498046875,224
635.0492553710938,1076.01171875,217
637.6064453125,1076.4178466796875,206
640.1716918945312,1076.79296875,199
642.7448120117188,1077.1356201171875,192
645.324951171875,1077.444091796875,185
647.9116821289062,1077.716796875,179
650.5040283203125,1077.9522705078125,174
653.1006469726562,1078.1478271484375,166
655.69677734375,1078.3018798828125,158
658.282958984375,1078.413330078125,150
660.8486328125,1078.4822998046875,144
663.385986328125,1078.5089111328125,137
665.8893432617188,1078.4937744140625,130
668.3572387695312,1078.435302734375,122
670.790771484375,1078.33154296875,116
673.1912841796875,1078.180419921875,109
675.5602416992188,1077.9788818359375,105
677.8987426757812,1077.72509765625,99
680.20703125,1077.4173583984375,94
682.4849243164062,1077.0540771484375,89
684.732421875,1076.6346435546875,86
686.9482421875,1076.1583251953125,83
689.1319580078125,1075.625244140625,80
691.2824096679688,1075.0350341796875,78
693.3988037109375,1074.388427734375,76
695.48046875,1073.6856689453125,75
697.5260009765625,1072.9273681640625,73
699.5341796875,1072.114013671875,72
701.5036010742188,1071.2464599609375,71
703.4327392578125,1070.3258056640625,70
705.3206176757812,1069.3526611328125,69
707.1658325195312,1068.328369140625,69
708.9672241210938,1067.25390625,68
710.7239379882812,1066.13037109375,67
712.43505859375,1064.959228515625,67
714.0996704101562,1063.7415771484375,66
715.7166137695312,1062.478759765625,66
717.2855224609375,1061.172119140625,66
718.8056640625,1059.822998046875,66
720.2766723632812,1058.4326171875,66
721.6980590820312,1057.002685546875,66
723.0694580078125,1055.5345458984375,67
724.3909301757812,1054.02978515625,67
725.6624145507812,1052.489501953125,68
726.884033203125,1050.91552734375,69
728.05615234375,1049.3089599609375,70
729.1791381835938,1047.671630859375,72
730.2533569335938,1046.0047607421875,74
731.2797241210938,1044.309814453125,76
732.259521484375,1042.588134765625,78
733.193603515625,1040.84130859375,81
734.0834350585938,1039.070556640625,83
734.9305419921875,1037.2769775390625,87
735.736572265625,1035.4617919921875,92
736.503662109375,1033.62646484375,97
737.2341918945312,1031.77197265625,104
737.9303588867188,1029.8992919921875,111
738.5948486328125,1028.0096435546875,120
739.230224609375,1026.103759765625,131
739.839111328125,1024.182861328125,143
740.4242553710938,1022.2478637695312,157
740.9883422851562,1020.2992553710938,181
741.5338134765625,1018.337890625,202
742.0629272460938,1016.3645629882812,226
742.5780029296875,1014.3798828125,253
743.0808715820312,1012.38427734375,285
743.5729370117188,1010.3783569335938,325
744.0557861328125,1008.3624267578125,353
744.5304565429688,1006.3369140625,388
744.9977416992188,1004.3019409179688,436
745.4581298828125,1002.2578735351562,481
745.9124145507812,1000.2048950195312,509
746.3607788085938,998.1431884765625,543
746.8034057617188,996.0726928710938,583
747.2405395507812,993.9935913085938,586
747.6723022460938,991.9059448242188,637
748.0986328125,989.8098754882812,701
748.5199584960938,987.7056274414062,704
748.9361572265625,985.5929565429688,708
749.3472290039062,983.4721069335938,711
749.7534790039062,981.3429565429688,799
750.1549072265625,979.2059936523438,803
750.5516357421875,977.0606689453125,807
750.9439086914062,974.9072265625,749
751.3317260742188,972.74609375,753
751.7152709960938,970.5770263671875,756
752.0945434570312,968.4002075195312,877
752.4696655273438,966.2155151367188,763
752.8406372070312,964.0231323242188,886
753.2071533203125,961.8228759765625,890
753.5693359375,959.6148071289062,894
753.9269409179688,957.3989868164062,898
754.2797241210938,955.17529296875,834
754.6278076171875,952.9439086914062,838
754.9708251953125,950.7052612304688,842
755.308837890625,948.458984375,732
755.6417846679688,946.204833984375,736
755.9696655273438,943.9428100585938,853
756.2925415039062,941.6736450195312,1050
756.6106567382812,939.3967895507812,1054
756.9241333007812,937.1123046875,1059
757.2332153320312,934.8204956054688,1064
757.538330078125,932.5213623046875,1068
757.8395385742188,930.21484375,1073
758.1373291015625,927.9010620117188,1078
758.4317626953125,925.5801391601562,1531
758.7236328125,923.251953125,10000
759.0128173828125,920.916748046875,1544
759.2996826171875,918.574462890625,1551
759.5846557617188,916.2251586914062,10000
759.8677368164062,913.868896484375,1564
760.1492919921875,911.5057373046875,10000
760.4295043945312,909.1356811523438,1577
760.7086791992188,906.7587280273438,10000
760.9866333007812,904.3750610351562,10000
761.2637329101562,901.984619140625,10000
761.5400390625,899.5873413085938,1603
761.8157348632812,897.183349609375,1610
762.0908203125,894.7725830078125,10000
762.365478515625,892.3552856445312,10000
762.6397705078125,889.9312133789062,10000
762.9139404296875,887.500732421875,10000
763.1882934570312,885.0635986328125,10000
763.4624633789062,882.6198120117188,1649
763.7366333007812,880.1696166992188,1656
764.0108642578125,877.7127075195312,10000
764.2855224609375,875.2494506835938,1527
764.5606079101562,872.7797241210938,10000
764.8363037109375,870.3036499023438,10000
765.11279296875,867.8211669921875,10000
765.3900756835938,865.332275390625,10000
765.668212890625,862.8369140625,1557
765.947265625,860.3353881835938,10000
766.2271118164062,857.8274536132812,10000
766.5076904296875,855.313232421875,10000
766.7890625,852.792724609375,10000
767.070556640625,850.265869140625,10000
767.3521118164062,847.732666015625,10000
767.6337280273438,845.1929321289062,10000
767.9144897460938,842.6469116210938,1469
768.1941528320312,840.0946044921875,1474
768.4718017578125,837.5357055664062,1480
768.7469482421875,834.97021484375,1485
769.0184326171875,832.398193359375,1490
769.2857055664062,829.8195190429688,1057
769.5473022460938,827.2341918945312,750
769.8025512695312,824.6421508789062,753
770.0499267578125,822.0432739257812,676
770.2879638671875,819.437744140625,619
770.5151977539062,816.8253784179688,538
770.7302856445312,814.206298828125,508
770.931640625,811.5806884765625,442
771.1176147460938,808.948486328125,410
771.2869262695312,806.309814453125,373
771.4378051757812,803.6649780273438,336
771.5689697265625,801.0139770507812,321
771.6788330078125,798.3572998046875,301
771.7655029296875,795.6951904296875,280
771.8271484375,793.0282592773438,262
771.861328125,790.357421875,246
771.8660888671875,787.6875,229
771.8399658203125,785.0278930664062,215
771.7826538085938,782.3890991210938,193
771.6931762695312,779.779052734375,179
771.5711059570312,777.2031860351562,165
771.4153442382812,774.666015625,152
771.2250366210938,772.1710815429688,139
770.9978637695312,769.718994140625,128
770.730224609375,767.3080444335938,118
770.4186401367188,764.9371948242188,109
770.0595703125,762.6053466796875,104
769.650390625,760.3118286132812,96
769.1893310546875,758.0560913085938,90
768.6749877929688,755.8387451171875,86
768.1063842773438,753.659912109375,82
767.4832763671875,751.5201416015625,79
766.8057861328125,749.4205322265625,76
766.073974609375,747.3619384765625,74
765.28857421875,745.3455810546875,71
764.4503173828125,743.3728637695312,70
763.5598754882812,741.4446411132812,69
762.6182861328125,739.5625610351562,67
761.6266479492188,737.7274780273438,66
760.5859985351562,735.9404296875,65
759.4977416992188,734.20263671875,64
758.362548828125,732.5149536132812,63
757.1821899414062,730.8783569335938,63
755.9575805664062,729.2930908203125,63
754.6900634765625,727.760009765625,63
753.380859375,726.279296875,64
752.03125,724.8508911132812,66
750.642333984375,723.4747314453125,68
749.2155151367188,722.1498413085938,72
747.7520751953125,720.8748779296875,76
746.2536010742188,719.6470947265625,81
744.7218017578125,718.4633178710938,89
743.1585083007812,717.3193359375,99
741.5664672851562,716.2092895507812,112
739.9486694335938,715.1259765625,130
738.3090209960938,714.0621948242188,147
736.6515502929688,713.0103149414062,177
734.9799194335938,711.9637451171875,218
733.2976684570312,710.9176635742188,270
731.6071166992188,709.868408203125,338
729.9094848632812,708.8145751953125,421
728.205322265625,707.7559814453125,509
726.494384765625,706.6934204101562,580
724.775390625,705.62841796875,546
723.0475463867188,704.5630493164062,549
721.3097534179688,703.4993896484375,550
719.5609741210938,702.439208984375,518
717.8005981445312,701.3843383789062,491
716.0278930664062,700.3362426757812,493
714.2427368164062,699.2953491210938,471
712.4453125,698.2615356445312,499
710.6357421875,697.2346801757812,532
708.814697265625,696.2139892578125,617
706.982666015625,695.1981811523438,621
705.1404418945312,694.1856689453125,764
703.2890625,693.1749877929688,1086
701.4293823242188,692.1641845703125,1091
699.562255859375,691.151611328125,1551
697.6885986328125,690.1359252929688,10000
695.8089599609375,689.1159057617188,10000
693.924072265625,688.0906372070312,10000
692.0341186523438,687.0593872070312,10000
690.1394653320312,686.0219116210938,10000
688.2401123046875,684.9782104492188,10000
686.336181640625,683.9282836914062,1607
684.42724609375,682.8724975585938,10000
682.5132446289062,681.8114013671875,1498
680.5938720703125,680.7450561523438,1505
678.6691284179688,679.6741333007812,1512
676.738525390625,678.598876953125,10000
674.8021850585938,677.519775390625,10000
672.8599853515625,676.4366455078125,10000
670.9119262695312,675.3499145507812,1541
668.9579467773438,674.259033203125,10000
666.9981079101562,673.1644287109375,10000
665.03271484375,672.065673828125,1445
663.061767578125,670.9624633789062,10000
661.0855102539062,669.854736328125,1459
659.1039428710938,668.7420043945312,10000
657.1175537109375,667.6241455078125,1472
655.1262817382812,666.5009155273438,10000
653.1302490234375,665.3721923828125,1485
651.1295166015625,664.23779296875,1492
649.1242065429688,663.09765625,1499
647.1143188476562,661.9518432617188,1505
645.099853515625,660.8002319335938,10000
643.0808715820312,659.6430053710938,10000
641.05712890625,658.4803466796875,1525
639.0287475585938,657.3123168945312,1532
636.9956665039062,656.1390380859375,1538
634.9577026367188,654.9605712890625,1545
632.9148559570312,653.7771606445312,1552
630.8671264648438,652.5888061523438,10000
628.814453125,651.395751953125,10000
626.7567138671875,650.1979370117188,1571
624.6940307617188,648.9955444335938,10000
622.6262817382812,647.78857421875,10000
620.553466796875,646.5770263671875,10000
618.4755859375,645.361083984375,10000
616.3927001953125,644.140625,10000
614.3047485351562,642.915771484375,1611
612.2117309570312,641.6865844726562,10000
610.1135864257812,640.453125,10000
608.0103149414062,639.2154541015625,10000
605.9019165039062,637.9735107421875,10000
603.788330078125,636.7276611328125,10000
601.6696166992188,635.4779052734375,10000
599.5455322265625,634.2241821289062,10000
597.416259765625,632.966552734375,10000
595.2816162109375,631.7051391601562,10000
593.1416015625,630.4401245117188,10000
590.9962158203125,629.1715087890625,10000
588.8455200195312,627.8992919921875,10000
586.6893310546875,626.6237182617188,10000
584.5277709960938,625.3446655273438,10000
582.36083984375,624.0621948242188,1564
580.1885375976562,622.7763061523438,10000
578.0107421875,621.4869995117188,10000
575.82763671875,620.1943969726562,10000
573.6390991210938,618.8983764648438,10000
571.4453125,617.5989990234375,10000
569.24609375,616.2963256835938,10000
567.0415649414062,614.990234375,10000
564.8317260742188,613.680908203125,1475
562.6165161132812,612.3681640625,10000
560.3960571289062,611.0521240234375,10000
558.1703491210938,609.732666015625,10000
555.939453125,608.4097290039062,10000
553.7034301757812,607.0833129882812,10000
551.46240234375,605.7532348632812,10000
549.2164306640625,604.4193115234375,1513
546.9657592773438,603.0811767578125,10000
544.71044921875,601.7386474609375,10000
542.4508666992188,600.3914794921875,10000
540.1870727539062,599.039306640625,10000
537.9194946289062,597.681640625,1540
535.6483154296875,596.3182983398438,1545
533.373779296875,594.9486083984375,1550
531.0962524414062,593.5723876953125,1555
528.81591796875,592.1890869140625,1561
526.5331420898438,590.7985229492188,1107
524.2481689453125,589.3999633789062,1111
521.9613037109375,587.9932861328125,1115
519.6727294921875,586.5780029296875,1118
517.3828735351562,585.1536865234375,1122
515.0919189453125,583.7200927734375,796
512.8002319335938,582.2767944335938,798
510.5080871582031,580.8233642578125,925
508.2158508300781,579.3594970703125,803
505.9237060546875,577.884765625,806
503.63214111328125,576.3988037109375,808
501.3414306640625,574.901123046875,725
499.05194091796875,573.3914184570312,664
496.76397705078125,571.8693237304688,666
494.47796630859375,570.3344116210938,619
492.1942443847656,568.7862548828125,620
489.91314697265625,567.2247314453125,582
487.6349792480469,565.6492919921875,624
485.3600769042969,564.059814453125,586
483.0885314941406,562.4561157226562,554
480.82086181640625,560.8380737304688,589
478.55670166015625,559.20556640625,557
476.2964782714844,557.55859375,592
474.04052734375,555.8971557617188,560
471.78857421875,554.2213134765625,562
469.54058837890625,552.53125,597
467.2965087890625,550.8269653320312,599
465.056396484375,549.1088256835938,566
462.8202209472656,547.3768310546875,644
460.5879211425781,545.63134765625,646
458.359375,543.8724975585938,633
456.1344299316406,542.1004028320312,635
453.9129638671875,540.3154296875,637
451.6949462890625,538.5177001953125,699
449.4801940917969,536.7073974609375,701
447.2687072753906,534.8847045898438,703
445.0603332519531,533.0498046875,705
442.8549499511719,531.2029418945312,826
440.65234375,529.3445434570312,828
438.4523620605469,527.4745483398438,719
436.25482177734375,525.5934448242188,1020
434.0594482421875,523.7015991210938,835
431.8658447265625,521.79931640625,1026
429.67376708984375,519.8870239257812,1029
427.4828796386719,517.9651489257812,1459
425.2928161621094,516.0340576171875,1463
423.1031494140625,514.0941772460938,1037
420.9135437011719,512.1459350585938,1040
418.72393798828125,510.18988037109375,1475
416.5337829589844,508.22601318359375,1479
414.3429260253906,506.25482177734375,1484
412.1510314941406,504.27655029296875,10000
409.9580078125,502.29156494140625,1492
407.7635803222656,500.29986572265625,1496
405.5676574707031,498.3018493652344,10000
403.3701477050781,496.2975769042969,10000
401.1709289550781,494.2872009277344,10000
398.9697570800781,492.27099609375,1512
396.7666320800781,490.2490234375,10000
394.5613098144531,488.2214050292969,10000
392.35369873046875,486.1885070800781,10000
390.1435546875,484.1504211425781,10000
387.93072509765625,482.1073303222656,10000
385.71502685546875,480.05963134765625,10000
383.4962463378906,478.0074157714844,1541
381.274169921875,475.9508972167969,10000
379.0487060546875,473.8904724121094,10000
376.8197326660156,471.8260803222656,10000
374.58697509765625,469.7578430175781,10000
372.35052490234375,467.68603515625,10000
370.110107421875,465.61065673828125,10000
367.865966796875,463.53167724609375,1569
365.61810302734375,461.44927978515625,10000
363.3663330078125,459.3634033203125,10000
361.11065673828125,457.2740173339844,10000
358.8510437011719,455.18121337890625,1585
356.5875549316406,453.08502197265625,10000
354.3202209472656,450.98541259765625,1593
352.0489807128906,448.8824768066406,10000
349.77386474609375,446.7762451171875,10000
347.4948425292969,444.6667785644531,10000
345.2118225097656,442.5541687011719,10000
342.9245910644531,440.4385070800781,1612
340.6335144042969,438.31976318359375,10000
338.33807373046875,436.1980285644531,10000
336.03863525390625,434.0733642578125,10000
333.7349548339844,431.9457702636719,1628
331.4273376464844,429.8151550292969,10000
329.11541748046875,427.6816711425781,10000
326.7995910644531,425.5451354980469,10000
324.4797668457031,423.4056091308594,1644
322.15594482421875,421.26300048828125,10000
319.82830810546875,419.1172180175781,10000
317.496826171875,416.9683532714844,10000
315.1614990234375,414.8163146972656,10000
312.82244873046875,412.6611328125,10000
310.4796142578125,410.5027160644531,10000
308.1329650878906,408.34124755859375,10000
305.7826232910156,406.1765441894531,10000
303.4284973144531,404.0087890625,10000
301.0705261230469,401.837890625,10000
298.7088317871094,399.6639404296875,10000
296.3433837890625,397.48687744140625,10000
293.97418212890625,395.3067626953125,10000
291.6011962890625,393.12353515625,10000
289.2245178222656,390.937255859375,10000
286.84417724609375,388.747802734375,10000
284.4602355957031,386.5552673339844,10000
282.07269287109375,384.35955810546875,10000
279.681640625,382.16064453125,10000
277.2870788574219,379.9584655761719,10000
274.8890075683594,377.7530517578125,10000
272.48748779296875,375.54443359375,10000
270.08251953125,373.33251953125,10000
267.6741027832031,371.11737060546875,1735
265.26226806640625,368.8990173339844,10000
262.8469543457031,366.677490234375,10000
260.4281921386719,364.4527893066406,10000
258.0059509277344,362.2249450683594,10000
255.5802459716797,359.9939880371094,10000
253.151123046875,357.75982666015625,10000
250.71853637695312,355.5225830078125,10000
248.2825469970703,353.28216552734375,10000
245.84312438964844,351.0386962890625,10000
243.40032958984375,348.79205322265625,10000
240.9541473388672,346.54229736328125,10000
238.504638671875,344.2893371582031,10000
236.0518035888672,342.03326416015625,10000
233.59567260742188,339.7740173339844,10000
231.13623046875,337.5115966796875,10000
228.67349243164062,335.24603271484375,10000
226.20745849609375,332.9773864746094,10000
223.73809814453125,330.70562744140625,10000
221.26548767089844,328.4307861328125,10000
218.78955078125,326.1528015136719,1435
216.310302734375,323.8717956542969,10000
213.82774353027344,321.5877685546875,10000
211.34193420410156,319.3006896972656,10000
208.85276794433594,317.0106201171875,10000
206.3603515625,314.7174987792969,10000
203.86468505859375,312.42138671875,10000
201.36573791503906,310.12225341796875,10000
198.86355590820312,307.820068359375,10000
196.35818481445312,305.5148620605469,1461
193.8495635986328,303.2066650390625,10000
191.3377685546875,300.8954162597656,10000
188.82278442382812,298.5811767578125,10000
186.30462646484375,296.2638854980469,10000
183.78330993652344,293.9435729980469,10000
181.25881958007812,291.6202697753906,10000
178.731201171875,289.2939758300781,10000
176.20046997070312,286.9646911621094,10000
173.6665802001953,284.6323547363281,10000
171.129638671875,282.297119140625,10000
168.5897979736328,279.958984375,10000
166.047119140625,277.6179504394531,10000
163.50177001953125,275.2742004394531,10000
160.95388793945312,272.9276428222656,10000
158.403564453125,270.5783386230469,10000
155.85096740722656,268.2263488769531,10000
153.29623413085938,265.8716735839844,10000
150.739501953125,263.5142822265625,10000
148.1809539794922,261.1542053222656,10000
145.6207275390625,258.7913818359375,10000
143.05894470214844,256.4258117675781,10000
140.4958038330078,254.05747985839844,10000
137.931396484375,251.68638610839844,1517
135.3658905029297,249.31246948242188,10000
132.79942321777344,246.93576049804688,10000
130.2321319580078,244.55616760253906,10000
127.66413879394531,242.17372131347656,10000
125.09556579589844,239.78843688964844,1526
122.52651977539062,237.4002685546875,10000
119.95707702636719,235.00921630859375,10000
117.38735961914062,232.61532592773438,10000
114.81743621826172,230.21861267089844,10000
112.24735260009766,227.81907653808594,10000
109.67719268798828,225.41677856445312,10000
107.10697174072266,223.01174926757812,10000
104.5367431640625,220.60406494140625,10000
101.96652221679688,218.19374084472656,1537
99.39631652832031,215.78091430664062,10000
96.82611846923828,213.3656463623047,1540
94.25594329833984,210.94796752929688,10000
91.68575286865234,208.52806091308594,10000
89.115478515625,206.10598754882812,10000
86.54510498046875,203.681884765625,1536
83.97451782226562,201.2559356689453,10000
81.40397644042969,198.8285369873047,10000
78.8363037109375,196.40261840820312,10000
76.27774047851562,193.98443603515625,1504
73.73503112792969,191.58065795898438,10000
71.21314239501953,189.1962890625,10000
68.7154541015625,186.83477783203125,10000
66.24447631835938,184.49864196777344,10000
63.80210876464844,182.18988037109375,10000
61.389793395996094,179.90997314453125,10000
59.00869369506836,177.66015625,10000
56.659690856933594,175.4413299560547,10000
54.343475341796875,173.25418090820312,1642
52.06059265136719,171.0992889404297,10000
49.8115234375,168.9769744873047,10000
47.5966796875,166.88731384277344,1546
45.416038513183594,164.82997131347656,10000
43.26808547973633,162.8029022216797,10000
41.15010070800781,160.80276489257812,10000
39.05998992919922,158.82672119140625,1578
36.996028900146484,156.87185668945312,1550
34.956050872802734,154.93426513671875,1076
32.93824768066406,153.00973510742188,863
30.94270133972168,151.09584045410156,730
28.96945571899414,149.1898651123047,654
27.02054786682129,147.29129028320312,556
25.10051918029785,145.4022979736328,465
23.214067459106445,143.5255889892578,367
21.36489486694336,141.66278076171875,322
19.556182861328125,139.81442260742188,274
17.7907772064209,137.98060607910156,244
16.07122230529785,136.1613006591797,210
14.399824142456055,134.35635375976562,184
12.778675079345703,132.56521606445312,163
11.20942211151123,130.78477478027344,139
9.693299293518066,129.00987243652344,130
8.231640815734863,127.23566436767578,118
6.825517654418945,125.45752716064453,108
5.4757795333862305,123.671630859375,100
4.183356285095215,121.87504577636719,94
2.949000835418701,120.06572723388672,89
1.773285984992981,118.24232482910156,84
0.6567034125328064,116.40402221679688,81
-0.40025535225868225,114.55046844482422,80
-1.3973671197891235,112.68164825439453,78
-2.3345248699188232,110.7978515625,77
-3.2115957736968994,108.89959716796875,76
-4.028818130493164,106.98745727539062,76
-4.786675930023193,105.06208801269531,76
-5.485793113708496,103.12417602539062,77
-6.12706184387207,101.1744155883789,78
-6.711738109588623,99.21342468261719,80
-7.241409778594971,97.24181365966797,83
-7.7180047035217285,95.26007843017578,87
-8.143889427185059,93.26866149902344,92
-8.521881103515625,91.26786804199219,99
-8.855278968811035,89.25794982910156,107
-9.147839546203613,87.23902893066406,118
-9.403719902038574,85.21122741699219,132
-9.627392768859863,83.174560546875,151
-9.823532104492188,81.12908172607422,176
-9.996870994567871,79.07487487792969,207
-10.152193069458008,77.01197814941406,257
-10.293855667114258,74.94054412841797,321
-10.425934791564941,72.8607406616211,419
-10.552112579345703,70.77273559570312,574
-10.675333976745605,68.67676544189453,763
-10.798063278198242,66.57306671142578,1084
-10.92238998413086,64.46186065673828,1541
-11.049905776977539,62.34333419799805,10000
-11.18056583404541,60.21758270263672,10000
-11.314167022705078,58.084651947021484,10000
-11.4507417678833,55.94459533691406,10000
-11.589837074279785,53.79740905761719,10000
-11.731085777282715,51.64310836791992,1589
-11.874162673950195,49.481689453125,10000
-12.018795013427734,47.31317138671875,1605
-12.165074348449707,45.13760757446289,931
-12.31312370300293,42.95502853393555,810
-12.46396541595459,40.76555252075195,751
-12.619221687316895,38.56938552856445,616
-12.780683517456055,36.36674118041992,505
-12.950580596923828,34.157928466796875,407
-13.131256103515625,31.94330406188965,333
-13.325357437133789,29.723337173461914,285
-13.537097930908203,27.49901580810547,243
-13.770509719848633,25.271406173706055,212
-14.029062271118164,23.041574478149414,188
-14.316428184509277,20.810848236083984,162
-14.636039733886719,18.58070182800293,149
-14.991168975830078,16.352800369262695,136
-15.384798049926758,14.128971099853516,128
-15.819561004638672,11.91115665435791,121
-16.297842025756836,9.70147705078125,114
-16.821475982666016,7.501957416534424,110
-17.392019271850586,5.314697742462158,105
-18.010663986206055,3.1417579650878906,102
-18.678203582763672,0.9850507974624634,100
-19.39517593383789,-1.153557300567627,98
-20.16183853149414,-3.2723214626312256,97
-20.97820281982422,-5.369645118713379,96
-21.84404945373535,-7.444100856781006,95
-22.759057998657227,-9.49428653717041,95
-23.72256851196289,-11.519208908081055,96
-24.73371696472168,-13.518186569213867,97
-25.79155158996582,-15.4906587600708,99
-26.89492416381836,-17.43636131286621,102
-28.04258918762207,-19.35519790649414,106
-29.232988357543945,-21.247631072998047,112
-30.464279174804688,-23.114591598510742,119
-31.73443031311035,-24.957366943359375,129
-33.04121398925781,-26.77756690979004,142
-34.381935119628906,-28.57747459411621,162
-35.75349044799805,-30.359947204589844,189
-37.15241622924805,-32.12825012207031,233
-38.57486343383789,-33.88605880737305,311
-40.01643371582031,-35.637535095214844,463
-41.47227096557617,-37.38716125488281,1039
-42.93718338012695,-39.13944625854492,10000
-44.405574798583984,-40.898887634277344,1047
-45.87208557128906,-42.66940689086914,495
-47.33185577392578,-44.45421600341797,342
-48.780418395996094,-46.256004333496094,264
-50.21384811401367,-48.07685089111328,221
-51.62842559814453,-49.91846466064453,196
-53.02081298828125,-51.78213119506836,174
-54.388118743896484,-53.66870880126953,161
-55.72764205932617,-55.578792572021484,151
-57.03706359863281,-57.51271438598633,143
-58.314334869384766,-59.47054672241211,137
-59.55759048461914,-61.45219039916992,133
-60.7651252746582,-63.4574089050293,129
-61.93550491333008,-65.48580169677734,127
-63.06752395629883,-67.536865234375,125
-64.1600341796875,-69.61003875732422,123
-65.21215057373047,-71.70464324951172,122
-66.22317504882812,-73.81997680664062,122
-67.192626953125,-75.95527648925781,122
-68.12006378173828,-78.10977172851562,122
-69.00533294677734,-80.28267669677734,123
-69.848388671875,-82.47317504882812,125
-70.6494140625,-84.68047332763672,126
-71.4087905883789,-86.90379333496094,129
-72.12700653076172,-89.14237213134766,132
-72.80475616455078,-91.3954849243164,136
-73.4429702758789,-93.66243743896484,141
-74.04270935058594,-95.94255828857422,146
-74.60526275634766,-98.23522186279297,152
-75.13200378417969,-100.53986358642578,160
-75.62457275390625,-102.8559341430664,169
-76.08475494384766,-105.18295288085938,180
-76.51441955566406,-107.5204849243164,192
-76.91555786132812,-109.8681411743164,205
-77.29020690917969,-112.22553253173828,223
-77.64048767089844,-114.59231567382812,242
-77.9684829711914,-116.96822357177734,265
-78.2762451171875,-119.35294342041016,296
-78.56578063964844,-121.74624633789062,320
-78.83897399902344,-124.14789581298828,369
-79.09761810302734,-126.55769348144531,404
-79.34332275390625,-128.97543334960938,433
-79.57754516601562,-131.40093994140625,491
-79.8016128540039,-133.83407592773438,578
-80.01665496826172,-136.27468872070312,620
-80.22364807128906,-138.72265625,672
-80.42347717285156,-141.17784118652344,827
-80.61688995361328,-143.64019775390625,830
-80.80451965332031,-146.10960388183594,1078
-80.9869155883789,-148.58595275878906,1083
-81.1645736694336,-151.06922912597656,1087
-81.33792877197266,-153.55931091308594,1543
-81.50740051269531,-156.0561981201172,10000
-81.67337036132812,-158.55979919433594,1555
-81.83616638183594,-161.07008361816406,1561
-81.99614715576172,-163.5869903564453,10000
-82.15361022949219,-166.11048889160156,10000
-82.30884552001953,-168.64051818847656,10000
-82.46209716796875,-171.17706298828125,1452
-82.61355590820312,-173.72007751464844,10000
-82.76343536376953,-176.26954650878906,10000
-82.91188049316406,-178.825439453125,10000
-83.05902862548828,-181.38771057128906,10000
-83.20494842529297,-183.95635986328125,10000
-83.34964752197266,-186.53134155273438,10000
-83.49314880371094,-189.1126708984375,10000
-83.63544464111328,-191.70033264160156,10000
-83.77645111083984,-194.2942657470703,10000
-83.91606903076172,-196.89450073242188,10000
-84.05422973632812,-199.50100708007812,10000
-84.1908187866211,-202.11380004882812,10000
-84.32571411132812,-204.7328643798828,10000
-84.45878601074219,-207.358154296875,10000
-84.5899429321289,-209.98968505859375,10000
-84.71900939941406,-212.62741088867188,1538
-84.84596252441406,-215.2713623046875,10000
-84.97071075439453,-217.92152404785156,10000
-85.09320068359375,-220.57785034179688,10000
-85.21343231201172,-223.24037170410156,10000
-85.33140563964844,-225.9090118408203,10000
-85.4471435546875,-228.5838165283203,10000
-85.56071472167969,-231.26470947265625,10000
-85.67217254638672,-233.9517364501953,1580
-85.7816390991211,-236.6448211669922,10000
-85.88924407958984,-239.343994140625,10000
-85.9950942993164,-242.04920959472656,10000
-86.09932708740234,-244.76046752929688,10000
-86.20207977294922,-247.47772216796875,10000
-86.30349731445312,-250.2010040283203,10000
-86.40373229980469,-252.93020629882812,10000
-86.50286102294922,-255.66546630859375,1623
-86.60108184814453,-258.4065856933594,10000
-86.6984634399414,-261.1536560058594,10000
-86.79511260986328,-263.90667724609375,10000
-86.89114379882812,-266.6655578613281,10000
-86.98662567138672,-269.4302978515625,10000
-87.08164978027344,-272.2008972167969,1654
-87.17623901367188,-274.9773864746094,10000
-87.27045440673828,-277.7596740722656,1664
-87.36439514160156,-280.5478515625,10000
-87.45805358886719,-283.3417053222656,10000
-87.55147552490234,-286.1413879394531,1680
-87.6446762084961,-288.9468994140625,10000
-87.7376937866211,-291.75811767578125,10000
-87.83055114746094,-294.5751037597656,10000
-87.92324829101562,-297.3978576660156,1701
-88.01580810546875,-300.22625732421875,10000
-88.1082534790039,-303.0603942871094,10000
-88.20054626464844,-305.9002380371094,1553
-88.29273223876953,-308.74578857421875,10000
-88.38481903076172,-311.5969543457031,10000
-88.47679138183594,-314.4538269042969,10000
-88.56865692138672,-317.3163146972656,10000
-88.66043853759766,-320.1844482421875,1576
-88.7520980834961,-323.0582275390625,10000
-88.84365844726562,-325.93756103515625,1434
-88.93512725830078,-328.8225402832031,10000
-89.02650451660156,-331.7130432128906,10000
-89.11778259277344,-334.609130859375,10000
-89.2089614868164,-337.51080322265625,10000
-89.30003356933594,-340.41802978515625,1455
-89.3909912109375,-343.330810546875,1459
-89.48182678222656,-346.2490539550781,10000
-89.57254791259766,-349.1728515625,10000
-89.66315460205078,-352.10211181640625,10000
-89.753662109375,-355.0368347167969,10000
-89.84410095214844,-357.97705078125,10000
-89.93446350097656,-360.9227294921875,10000
-90.02477264404297,-363.8738708496094,10000
-90.11509704589844,-366.8304748535156,10000
-90.20540618896484,-369.7924499511719,10000
-90.2957992553711,-372.75982666015625,10000
-90.38623046875,-375.7326354980469,10000
-90.47666931152344,-378.7108154296875,10000
-90.56722259521484,-381.6943664550781,10000
-90.65778350830078,-384.6832580566406,10000
-90.74834442138672,-387.6775207519531,10000
-90.83890533447266,-390.6771545410156,10000
-90.92955017089844,-393.68206787109375,10000
-91.02021026611328,-396.6922912597656,10000
-91.1109390258789,-399.7078552246094,1536
-91.20174407958984,-402.7286682128906,10000
-91.29266357421875,-405.7547607421875,10000
-91.38372039794922,-408.7861328125,10000
-91.47490692138672,-411.8227233886719,10000
-91.56624603271484,-414.8645324707031,10000
-91.65775299072266,-417.91168212890625,10000
-91.74940490722656,-420.9640197753906,1565
-91.84117889404297,-424.02154541015625,10000
-91.93306732177734,-427.0841979980469,10000
-92.02506256103516,-430.1520690917969,1577
-92.11717224121094,-433.2250671386719,10000
-92.20938110351562,-436.30328369140625,10000
-92.30171966552734,-439.3865966796875,10000
-92.39415740966797,-442.4750671386719,10000
-92.48674774169922,-445.5687255859375,10000
-92.5794906616211,-448.6674499511719,10000
-92.67240142822266,-451.771240234375,10000
-92.76549530029297,-454.8801574707031,1608
-92.85877990722656,-457.994140625,1612
-92.95222473144531,-461.1131591796875,10000
-93.04584503173828,-464.2372131347656,10000
-93.13961791992188,-467.3663024902344,10000
-93.23353576660156,-470.50048828125,10000
-93.32755279541016,-473.63970947265625,10000
-93.42167663574219,-476.7839050292969,1636
-93.51595306396484,-479.9330749511719,10000
-93.61033630371094,-483.0872497558594,10000
-93.70487213134766,-486.2464294433594,10000
-93.799560546875,-489.4105224609375,10000
-93.8944091796875,-492.5795593261719,10000
-93.98944854736328,-495.7535705566406,1659
-94.08468627929688,-498.9324951171875,1663
-94.18010711669922,-502.1163635253906,10000
-94.27570343017578,-505.3051452636719,10000
-94.37147521972656,-508.498779296875,10000
-94.46739196777344,-511.69732666015625,10000
-94.5634536743164,-514.9007568359375,10000
-94.65962982177734,-518.1090698242188,10000
-94.75591278076172,-521.3221435546875,10000
-94.85233306884766,-524.5401000976562,1693
-94.94886779785156,-527.762939453125,10000
-95.0455551147461,-530.9905395507812,10000
-95.14237976074219,-534.2229614257812,10000
-95.23937225341797,-537.460205078125,10000
-95.3365478515625,-540.7021484375,10000
-95.43390655517578,-543.9489135742188,10000
-95.53143310546875,-547.200439453125,1720
-95.62913513183594,-550.456787109375,10000
-95.72699737548828,-553.7177734375,10000
-95.82500457763672,-556.9835815429688,10000
-95.92313385009766,-560.2540283203125,10000
-96.02137756347656,-563.529296875,10000
-96.11973571777344,-566.8092041015625,10000
-96.21820068359375,-570.0938110351562,10000
-96.31678771972656,-573.3831176757812,10000
-96.41552734375,-576.677001953125,1754
-96.514404296875,-579.9755859375,10000
-96.61343383789062,-583.2788696289062,10000
-96.71263122558594,-586.5867309570312,10000
-96.81199645996094,-589.8992309570312,10000
-96.91155242919922,-593.21630859375,10000
-97.01124572753906,-596.5380249023438,10000
-97.11109924316406,-599.8643188476562,10000
-97.21109008789062,-603.1951904296875,10000
-97.3111801147461,-606.5307006835938,10000
-97.411376953125,-609.8707275390625,10000
-97.51170349121094,-613.2152709960938,10000
-97.61213684082031,-616.564453125,10000
-97.71269226074219,-619.9180908203125,10000
-97.81339263916016,-623.2762451171875,10000
-97.91424560546875,-626.638916015625,10000
-98.01525115966797,-630.006103515625,10000
-98.11642456054688,-633.3777465820312,1441
-98.21774291992188,-636.7538452148438,10000
-98.31924438476562,-640.1344604492188,10000
-98.42088317871094,-643.51953125,10000
-98.52264404296875,-646.9090576171875,10000
-98.62452697753906,-650.302978515625,10000
-98.72650146484375,-653.701416015625,10000
-98.82857513427734,-657.1041870117188,10000
-98.9307632446289,-660.511474609375,10000
-99.03304290771484,-663.9230346679688,1467
-99.13543701171875,-667.3390502929688,10000
-99.23798370361328,-670.7594604492188,1472
-99.3406753540039,-674.1841430664062,1475
-99.44351196289062,-677.61328125,10000
-99.5465316772461,-681.0466918945312,10000
-99.64972686767578,-684.4844970703125,10000
-99.75308227539062,-687.9265747070312,10000
-99.85663604736328,-691.3729248046875,10000
-99.96046447753906,-694.8233642578125,10000
-100.06470489501953,-698.2776489257812,10000
-100.16951751708984,-701.73583984375,1496
-100.27509307861328,-705.1978759765625,10000
-100.3817138671875,-708.6635131835938,10000
-100.48960876464844,-712.132568359375,10000
-100.59913635253906,-715.6050415039062,10000
-100.71049499511719,-719.0806884765625,10000
-100.82388305664062,-722.5594482421875,10000
-100.93948364257812,-726.041259765625,10000
-101.05741119384766,-729.5260620117188,10000
-101.17770385742188,-733.0135498046875,10000
-101.3002700805664,-736.5037841796875,10000
-101.42505645751953,-739.9966430664062,10000
-101.55201721191406,-743.4920654296875,10000
-101.68106079101562,-746.989990234375,10000
-101.81217193603516,-750.490234375,10000
-101.9453125,-753.9927978515625,10000
-102.08049774169922,-757.49755859375,10000
-102.2177505493164,-761.0045166015625,1528
-102.35711669921875,-764.5134887695312,10000
-102.49861145019531,-768.0244140625,10000
-102.64220428466797,-771.537353515625,10000
-102.787841796875,-775.0521850585938,10000
-102.93545532226562,-778.5687866210938,1535
-103.08487701416016,-782.0873413085938,10000
-103.2359848022461,-785.6074829101562,10000
-103.38860321044922,-789.1292724609375,10000
-103.54253387451172,-792.6527709960938,10000
-103.6976547241211,-796.1778564453125,10000
-103.85393524169922,-799.7044067382812,1542
-104.01131439208984,-803.2324829101562,10000
-104.1697998046875,-806.761962890625,10000
-104.32943725585938,-810.2927856445312,10000
-104.49030303955078,-813.8250122070312,10000
-104.65252685546875,-817.3583984375,10000
-104.81616973876953,-820.8931884765625,1547
-104.98135375976562,-824.4290161132812,10000
-105.14850616455078,-827.966064453125,1549
-105.31802368164062,-831.5040283203125,10000
-105.49024963378906,-835.0430297851562,1550
-105.66532897949219,-838.5830078125,1551
-105.84326934814453,-842.1239013671875,10000
-106.02396392822266,-845.6657104492188,10000
-106.20721435546875,-849.208251953125,10000
-106.3927230834961,-852.7516479492188,1553
-106.58004760742188,-856.2958984375,1554
-106.7685317993164,-859.841064453125,10000
-106.95779418945312,-863.3870239257812,10000
-107.14759826660156,-866.933837890625,1556
-107.33769226074219,-870.4814453125,10000
-107.52803802490234,-874.0299072265625,10000
-107.71878051757812,-877.5790405273438,10000
-107.91024780273438,-881.12890625,10000
-108.10286712646484,-884.679443359375,10000
-108.29727935791016,-888.23046875,10000
-108.49383544921875,-891.7821044921875,10000
-108.69277954101562,-895.3344116210938,10000
-108.8945083618164,-898.8870239257812,10000
-109.09937286376953,-902.4401245117188,10000
-109.30793762207031,-905.993408203125,10000
-109.52114868164062,-909.546630859375,10000
-109.73970794677734,-913.0957641601562,1531
-109.96414184570312,-916.6319580078125,10000
-110.19480895996094,-920.145751953125,1504
-110.43244934082031,-923.6300659179688,1052
-110.67815399169922,-927.080322265625,947
-110.9332504272461,-930.4924926757812,808
-111.19863891601562,-933.8637084960938,794
-111.4752426147461,-937.1917114257812,697
-111.76374816894531,-940.4749145507812,578
-112.06501007080078,-943.7117919921875,567
-112.38015747070312,-946.9008178710938,500
-112.7104263305664,-950.0411987304688,469
-113.05654907226562,-953.1319580078125,411
-113.41883850097656,-956.1725463867188,378
-113.79764556884766,-959.1633911132812,333
-114.19505310058594,-962.106689453125,282
-114.61419677734375,-965.0061645507812,255
-115.0587387084961,-967.8638916015625,229
-115.53250885009766,-970.6806030273438,210
-116.03878021240234,-973.4572143554688,192
-116.58088684082031,-976.1958618164062,179
-117.161376953125,-978.8982543945312,169
-117.7817611694336,-981.5667114257812,163
-118.4437255859375,-984.2024536132812,156
-119.14845275878906,-986.8072509765625,150
-119.89628601074219,-989.3822631835938,146
-120.68763732910156,-991.9284057617188,142
-121.52284240722656,-994.4462280273438,138
-122.40174865722656,-996.9365234375,134
-123.3244400024414,-999.39990234375,131
-124.29166412353516,-1001.83544921875,128
-125.30414581298828,-1004.24169921875,125
-126.36248779296875,-1006.6182861328125,121
-127.46739959716797,-1008.9633178710938,118
-128.61947631835938,-1011.2755126953125,115
-129.81912231445312,-1013.5531616210938,113
-131.06651306152344,-1015.794921875,110
-132.36163330078125,-1017.9987182617188,108
-133.70428466796875,-1020.1624755859375,105
-135.0939178466797,-1022.2847290039062,103
-136.52987670898438,-1024.3636474609375,101
-138.01132202148438,-1026.3978271484375,100
-139.53733825683594,-1028.3861083984375,98
-141.1068572998047,-1030.3260498046875,97
-142.71878051757812,-1032.216552734375,96
-144.37191772460938,-1034.0565185546875,95
-146.06504821777344,-1035.844970703125,93
-147.7967071533203,-1037.580322265625,93
-149.56546020507812,-1039.260986328125,92
-151.36993408203125,-1040.8865966796875,91
-153.20863342285156,-1042.4561767578125,90
-155.0802001953125,-1043.9688720703125,89
-156.9828338623047,-1045.4237060546875,88
-158.9146728515625,-1046.8194580078125,87
-160.87413024902344,-1048.1553955078125,86
-162.85972595214844,-1049.43115234375,86
-164.8698272705078,-1050.6458740234375,85
-166.90292358398438,-1051.799072265625,84
-168.9573211669922,-1052.89013671875,83
-171.03138732910156,-1053.91796875,82
-173.123291015625,-1054.882568359375,81
-175.23158264160156,-1055.7830810546875,81
-177.35458374023438,-1056.6190185546875,80
-179.4905548095703,-1057.3902587890625,80
-181.637939453125,-1058.096435546875,79
-183.79522705078125,-1058.7376708984375,79
-185.9606170654297,-1059.3133544921875,79
-188.13304138183594,-1059.824462890625,79
-190.3112030029297,-1060.2713623046875,79
-192.4938507080078,-1060.6541748046875,79
-194.67958068847656,-1060.9739990234375,80
-196.86724853515625,-1061.231201171875,82
-199.05563354492188,-1061.4267578125,83
-201.24374389648438,-1061.5614013671875,85
-203.43063354492188,-1061.6365966796875,87
-205.61505126953125,-1061.653076171875,90
-207.7963409423828,-1061.6124267578125,94
-209.97561645507812,-1061.5189208984375,98
-212.15419006347656,-1061.376953125,102
-214.3319091796875,-1061.1890869140625,106
-216.5089569091797,-1060.9578857421875,111
-218.68577575683594,-1060.6865234375,115
-220.86212158203125,-1060.3775634765625,118
-223.0373992919922,-1060.0318603515625,121
-225.2112274169922,-1059.650634765625,122
-227.38296508789062,-1059.234619140625,123
-229.5515899658203,-1058.7828369140625,123
-231.7158966064453,-1058.2940673828125,121
-233.87417602539062,-1057.7669677734375,117
-236.0248260498047,-1057.199462890625,114
-238.16580200195312,-1056.5897216796875,111
-240.29457092285156,-1055.935791015625,108
-242.4090118408203,-1055.236083984375,106
-244.5071258544922,-1054.4896240234375,104
-246.58709716796875,-1053.6961669921875,101
-248.64710998535156,-1052.855224609375,101
-250.68557739257812,-1051.9664306640625,101
-252.70091247558594,-1051.030029296875,101
-254.69332885742188,-1050.0477294921875,103
-256.6636962890625,-1049.021484375,105
-258.61199951171875,-1047.9525146484375,108
-260.5374450683594,-1046.8416748046875,112
-262.44012451171875,-1045.6900634765625,117
-264.3216857910156,-1044.5001220703125,122
-266.1835021972656,-1043.274169921875,128
-268.02691650390625,-1042.01416015625,135
-269.85333251953125,-1040.72216796875,141
-271.66400146484375,-1039.400390625,147
-273.45977783203125,-1038.05029296875,152
-275.2411804199219,-1036.6727294921875,156
-277.0082702636719,-1035.2689208984375,159
-278.7608642578125,-1033.838623046875,161
-280.4983825683594,-1032.3824462890625,162
-282.2198181152344,-1030.8997802734375,162
-283.9242858886719,-1029.3907470703125,162
-285.6108093261719,-1027.8548583984375,162
-287.2781066894531,-1026.2918701171875,162
-288.9252014160156,-1024.701904296875,162
-290.55157470703125,-1023.084716796875,162
-292.1569519042969,-1021.4411010742188,164
-293.74102783203125,-1019.7711791992188,166
-295.30377197265625,-1018.0755004882812,170
-296.8454895019531,-1016.3549194335938,173
-298.36639404296875,-1014.6102294921875,178
-299.8669128417969,-1012.8418579101562,185
-301.3478698730469,-1011.0505981445312,190
-302.81011962890625,-1009.2374877929688,195
-304.25439453125,-1007.4034423828125,199
-305.6810607910156,-1005.5490112304688,205
-307.0906982421875,-1003.6749267578125,209
-308.4835510253906,-1001.7815551757812,214
-309.85955810546875,-999.8692626953125,216
-311.21844482421875,-997.938232421875,215
-312.5599670410156,-995.9886474609375,220
-313.88360595703125,-994.0205078125,219
-315.1888732910156,-992.033935546875,219
-316.4750061035156,-990.0288696289062,216
-317.7415771484375,-988.005615234375,216
-318.9881591796875,-985.9640502929688,219
-320.21417236328125,-983.904296875,218
-321.4193420410156,-981.8265380859375,221
-322.6032409667969,-979.7311401367188,219
-323.76593017578125,-977.618408203125,222
-324.9073791503906,-975.4884033203125,227
-326.02777099609375,-973.341796875,233
-327.1274108886719,-971.1788940429688,233
-328.20654296875,-968.9995727539062,239
-329.2655334472656,-966.8050537109375,248
-330.30487060546875,-964.5952758789062,252
-331.3249816894531,-962.3707885742188,262
-332.3264465332031,-960.1317749023438,266
-333.3095703125,-957.8787841796875,275
-334.27484130859375,-955.612060546875,280
-335.2225646972656,-953.3320922851562,289
-336.1531066894531,-951.0389404296875,290
-337.06658935546875,-948.7330322265625,294
-337.96331787109375,-946.4144287109375,301
-338.84326171875,-944.0834350585938,302
-339.7065124511719,-941.740234375,303
-340.5530090332031,-939.3851318359375,310
-341.38226318359375,-937.0179443359375,305
-342.19403076171875,-934.6390991210938,306
-342.9879150390625,-932.2485961914062,307
-343.7635192871094,-929.8463134765625,300
-344.5203552246094,-927.4325561523438,300
-345.25811767578125,-925.0073852539062,295
-345.9763488769531,-922.5709228515625,296
-346.6749267578125,-920.123291015625,297
-347.3533935546875,-917.6646118164062,298
-348.01177978515625,-915.1951904296875,299
-348.65008544921875,-912.7152709960938,313
-349.2684326171875,-910.2249755859375,307
-349.8670959472656,-907.7244262695312,322
-350.4461669921875,-905.2139892578125,323
-351.00616455078125,-902.6936645507812,332
-351.5477294921875,-900.163818359375,352
-352.0714111328125,-897.6248168945312,353
-352.57769775390625,-895.0765991210938,375
-353.06732177734375,-892.5195922851562,389
-353.54107666015625,-889.9537963867188,404
-353.99951171875,-887.3794555664062,437
-354.4432373046875,-884.7966918945312,458
-354.8728942871094,-882.205810546875,460
-355.28900146484375,-879.607177734375,484
-355.6922607421875,-877.000732421875,486
-356.0830078125,-874.386474609375,513
-356.4617004394531,-871.7642822265625,546
-356.8287658691406,-869.1343383789062,586
-357.1844482421875,-866.4972534179688,550
-357.5289611816406,-863.8525390625,637
-357.86273193359375,-861.2007446289062,592
-358.18585205078125,-858.5416870117188,641
-358.4986572265625,-855.8756103515625,643
-358.8013610839844,-853.202392578125,707
-359.0940856933594,-850.522216796875,648
-359.3771667480469,-847.835205078125,796
-359.65087890625,-845.1415405273438,714
-359.9154357910156,-842.44091796875,801
-360.1711120605469,-839.733642578125,803
-360.41827392578125,-837.019775390625,931
-360.6573486328125,-834.2994384765625,934
-360.8885192871094,-831.572509765625,937
-361.11224365234375,-828.839111328125,1151
-361.3289489746094,-826.0993041992188,1154
-361.5390625,-823.3532104492188,1158
-361.7428283691406,-820.6007080078125,949
-361.9408874511719,-817.842041015625,1648
-362.1335144042969,-815.0770263671875,1653
-362.3210754394531,-812.305908203125,1659
-362.50408935546875,-809.5287475585938,1664
-362.6827697753906,-806.7454223632812,1669
-362.8575744628906,-803.9561767578125,1674
-363.02886962890625,-801.1607666015625,10000
-363.1969299316406,-798.3594360351562,10000
-363.3620910644531,-795.5521850585938,10000
-363.5246276855469,-792.7389526367188,10000
-363.68475341796875,-789.9197998046875,1700
-363.84271240234375,-787.0948486328125,10000
-363.998779296875,-784.2639770507812,10000
-364.1531982421875,-781.427490234375,10000
-364.3060607910156,-778.5850830078125,10000
-364.45751953125,-775.7371215820312,10000
-364.6078186035156,-772.8832397460938,10000
-364.7569580078125,-770.023681640625,10000
-364.9051208496094,-767.158447265625,10000
-365.05230712890625,-764.2874755859375,10000
-365.1985778808594,-761.4108276367188,10000
-365.34405517578125,-758.528564453125,10000
-365.4886779785156,-755.6406860351562,10000
-365.6324768066406,-752.7472534179688,10000
-365.77545166015625,-749.8482055664062,10000
-365.9176330566406,-746.943603515625,10000
-366.05889892578125,-744.0333251953125,10000
-366.1993408203125,-741.1176147460938,10000
-366.3387451171875,-738.1962280273438,1467
-366.4772033691406,-735.269287109375,10000
-366.6145935058594,-732.3368530273438,10000
-366.75091552734375,-729.3988647460938,1479
-366.8860168457031,-726.4554443359375,10000
-367.0199279785156,-723.5064697265625,10000
-367.1524963378906,-720.552001953125,10000
-367.2836608886719,-717.592041015625,1495
-367.41339111328125,-714.6266479492188,10000
-367.5415954589844,-711.65576171875,10000
-367.6682434082031,-708.679443359375,1508
-367.7931823730469,-705.6976318359375,1512
-367.9164123535156,-702.7103881835938,10000
-368.0377502441406,-699.7177124023438,10000
-368.15716552734375,-696.7196655273438,1524
-368.2746887207031,-693.7163696289062,1528
-368.39013671875,-690.7075805664062,10000
-368.5035095214844,-687.6934204101562,1536
-368.61468505859375,-684.6738891601562,1540
-368.7234802246094,-681.6489868164062,10000
-368.8299255371094,-678.6187133789062,10000
-368.9338684082031,-675.5831909179688,1552
-369.0353088378906,-672.5424194335938,1556
-369.13409423828125,-669.496337890625,10000
-369.2301330566406,-666.44482421875,10000
-369.3234558105469,-663.3880615234375,1568
-369.4139404296875,-660.3260498046875,1572
-369.50152587890625,-657.2589111328125,10000
-369.5861511230469,-654.1865234375,1580
-369.6677551269531,-651.1089477539062,1584
-369.7463073730469,-648.026123046875,10000
-369.8218688964844,-644.9381103515625,10000
-369.8942565917969,-641.8448486328125,10000
-369.9635314941406,-638.7464599609375,1600
-370.02960205078125,-635.6429443359375,10000
-370.0924987792969,-632.5343017578125,10000
-370.152099609375,-629.4204711914062,10000
-370.2084655761719,-626.3015747070312,10000
-370.2615661621094,-623.1776123046875,10000
-370.3113708496094,-620.0485229492188,10000
-370.3578186035156,-616.9144287109375,10000
-370.4008483886719,-613.7752685546875,10000
-370.4404602050781,-610.6310424804688,1635
-370.4766845703125,-607.4818725585938,10000
-370.50933837890625,-604.32763671875,10000
-370.53839111328125,-601.16845703125,1646
-370.56390380859375,-598.0042724609375,1650
-370.5856018066406,-594.835205078125,10000
-370.60345458984375,-591.6611328125,10000
-370.6177978515625,-588.482177734375,1662
-370.62823486328125,-585.2982788085938,10000
-370.634521484375,-582.1094970703125,10000
-370.6367492675781,-578.9158935546875,10000
-370.6349792480469,-575.7174682617188,1677
-370.6290283203125,-572.5140991210938,10000
-370.6187744140625,-569.3060302734375,10000
-370.604248046875,-566.0931396484375,10000
-370.58538818359375,-562.8753662109375,1692
-370.56207275390625,-559.6529541015625,1696
-370.5343933105469,-556.42578125,10000
-370.50213623046875,-553.1939086914062,1703
-370.4654541015625,-549.957275390625,10000
-370.4241638183594,-546.7158813476562,1711
-370.37835693359375,-543.4699096679688,10000
-370.3280029296875,-540.2192993164062,1718
-370.2730407714844,-536.9639892578125,10000
-370.2134704589844,-533.7041015625,1726
-370.1493225097656,-530.4395751953125,1730
-370.0806579589844,-527.1704711914062,10000
-370.00738525390625,-523.8967895507812,10000
-369.9295959472656,-520.6185302734375,1741
-369.8472595214844,-517.3357543945312,1744
-369.7604675292969,-514.0484008789062,10000
-369.6692810058594,-510.7566223144531,1752
-369.5736389160156,-507.46026611328125,1755
-369.4737548828125,-504.1594543457031,10000
-369.3695983886719,-500.8541259765625,10000
-369.2611999511719,-497.5443115234375,1766
-369.1488342285156,-494.2301025390625,10000
-369.0325012207031,-490.9114074707031,10000
-368.9122619628906,-487.5882568359375,10000
-368.78826904296875,-484.26068115234375,1588
-368.66064453125,-480.9287109375,10000
-368.5296325683594,-477.5922546386719,10000
-368.3953552246094,-474.2514343261719,10000
-368.2579345703125,-470.9061584472656,10000
-368.1175842285156,-467.5565185546875,10000
-367.9744567871094,-464.20245361328125,10000
-367.8287658691406,-460.84393310546875,10000
-367.6806945800781,-457.4810485839844,10000
-367.53033447265625,-454.11376953125,10000
-367.37786865234375,-450.7420654296875,10000
-367.22357177734375,-447.365966796875,10000
-367.0675354003906,-443.9855041503906,10000
-366.9098815917969,-440.60064697265625,10000
-366.750732421875,-437.2113952636719,10000
-366.5903015136719,-433.8177185058594,10000
-366.4285888671875,-430.4197082519531,1459
-366.2657775878906,-427.017333984375,10000
-366.1018981933594,-423.6106262207031,10000
-365.9371032714844,-420.19952392578125,10000
-365.77142333984375,-416.7840576171875,10000
-365.60491943359375,-413.3642578125,10000
-365.4376525878906,-409.9400939941406,1476
-365.26959228515625,-406.51165771484375,10000
-365.1008605957031,-403.0788879394531,10000
-364.9314270019531,-399.6418151855469,10000
-364.7613220214844,-396.2004699707031,10000
-364.590576171875,-392.75494384765625,10000
-364.4192810058594,-389.3055419921875,10000
-364.24737548828125,-385.8522033691406,1495
-364.0749206542969,-382.3949890136719,10000
-363.9019470214844,-378.93402099609375,10000
-363.7283935546875,-375.469482421875,10000
-363.5544128417969,-372.00152587890625,10000
-363.3799133300781,-368.53021240234375,10000
-363.20501708984375,-365.0556945800781,10000
-363.0296936035156,-361.5780334472656,10000
-362.85394287109375,-358.0973815917969,10000
-362.6777648925781,-354.6137390136719,10000
-362.5012512207031,-351.12725830078125,10000
-362.3243713378906,-347.6380310058594,10000
-362.1472473144531,-344.1461181640625,10000
-361.96990966796875,-340.6515808105469,10000
-361.7922058105469,-337.15460205078125,10000
-361.61444091796875,-333.6551818847656,1525
-361.4366760253906,-330.1534423828125,10000
-361.2584533691406,-326.64935302734375,1528
-361.0802917480469,-323.14306640625,10000
-360.9022521972656,-319.6346740722656,10000
-360.7244567871094,-316.12420654296875,10000
-360.546630859375,-312.6116027832031,1533
-360.369140625,-309.0970764160156,10000
-360.19189453125,-305.58074951171875,10000
-360.0149841308594,-302.0625,10000
-359.8385314941406,-298.54254150390625,1538
-359.66259765625,-295.02081298828125,10000
-359.48724365234375,-291.49737548828125,10000
-359.31256103515625,-287.97235107421875,10000
-359.13861083984375,-284.4457092285156,10000
-358.9654846191406,-280.91754150390625,10000
-358.79327392578125,-277.3878479003906,10000
-358.62200927734375,-273.8567199707031,1545
-358.451904296875,-270.3241882324219,10000
-358.2828674316406,-266.7903137207031,10000
-358.11517333984375,-263.2550964355469,10000
-357.94879150390625,-259.7185974121094,10000
-357.78375244140625,-256.1807861328125,10000
-357.6201477050781,-252.64181518554688,1550
-357.4581298828125,-249.1016387939453,1551
-357.2976379394531,-245.560302734375,10000
-357.1388854980469,-242.01785278320312,10000
-356.9819030761719,-238.47433471679688,10000
-356.8266296386719,-234.92970275878906,1553
-356.6733093261719,-231.3841094970703,1554
-356.52178955078125,-227.83753967285156,1554
-356.37213134765625,-224.2899932861328,10000
-356.2244873046875,-220.741455078125,10000
-356.0787658691406,-217.19204711914062,10000
-355.9351806640625,-213.64175415039062,1557
-355.7935791015625,-210.09060668945312,1557
-355.6539306640625,-206.53863525390625,1558
-355.5162658691406,-202.98580932617188,10000
-355.3807373046875,-199.43222045898438,1559
-355.2471923828125,-195.87789916992188,10000
-355.1155700683594,-192.3228302001953,1559
-354.98590087890625,-188.76705932617188,10000
-354.8580017089844,-185.21060180664062,1560
-354.7320556640625,-181.65347290039062,1561
-354.60784912109375,-178.095703125,1561
-354.48541259765625,-174.5373077392578,10000
-354.36468505859375,-170.9783172607422,10000
-354.24560546875,-167.41873168945312,10000
-354.1280822753906,-163.85855102539062,10000
-354.0121154785156,-160.29786682128906,10000
-353.8974914550781,-156.7366485595703,10000
-353.7843322753906,-153.17491149902344,10000
-353.6724853515625,-149.6126708984375,10000
-353.5617980957031,-146.0499725341797,10000
-353.4522705078125,-142.48681640625,10000
-353.34381103515625,-138.92320251464844,10000
-353.2363586425781,-135.35916137695312,1565
-353.1297302246094,-131.79469299316406,10000
-353.0238952636719,-128.22982788085938,10000
-352.9187316894531,-124.66458892822266,10000
-352.8141784667969,-121.09896850585938,10000
-352.7101135253906,-117.53300476074219,1566
-352.6064758300781,-113.9666748046875,10000
-352.5031433105469,-110.4000244140625,10000
-352.40008544921875,-106.83305358886719,10000
-352.2973327636719,-103.26577758789062,10000
-352.1946105957031,-99.69820404052734,10000
-352.0921325683594,-96.13034057617188,10000
-351.98980712890625,-92.56220245361328,10000
-351.8874816894531,-88.99380493164062,10000
-351.7851867675781,-85.42515563964844,1568
-351.68280029296875,-81.85625457763672,10000
-351.58013916015625,-78.287109375,10000
-351.477294921875,-74.71774291992188,10000
-351.37408447265625,-71.14815521240234,10000
-351.27044677734375,-67.578369140625,10000
-351.1661682128906,-64.00839233398438,10000
-351.0612487792969,-60.438236236572266,10000
-350.95538330078125,-56.8679084777832,10000
-350.8485412597656,-53.29741668701172,10000
-350.7406311035156,-49.72678756713867,10000
-350.63140869140625,-46.15602111816406,10000
-350.5207824707031,-42.585121154785156,10000
-350.40869140625,-39.01411437988281,10000
-350.2950744628906,-35.442996978759766,10000
-350.1798095703125,-31.871784210205078,10000
-350.06292724609375,-28.300479888916016,10000
-349.9443359375,-24.72909164428711,10000
-349.82415771484375,-21.157621383666992,1570
-349.7023010253906,-17.58607292175293,10000
-349.5789794921875,-14.014450073242188,1570
-349.45404052734375,-10.442754745483398,10000
-349.3277587890625,-6.870985984802246,10000
-349.20013427734375,-3.2991464138031006,10000
-349.0712890625,0.2727624475955963,1570
-348.9411926269531,3.8447391986846924,10000
-348.81011962890625,7.416786193847656,10000
-348.67803955078125,10.98890495300293,10000
-348.54510498046875,14.561092376708984,10000
-348.41131591796875,18.133352279663086,10000
-348.27685546875,21.70568084716797,10000
-348.1418762207031,25.27808380126953,10000
-348.0063171386719,28.850561141967773,10000
-347.8703918457031,32.42311096191406,10000
-347.7342224121094,35.99574279785156,10000
-347.5977783203125,39.56844711303711,10000
-347.46136474609375,43.141239166259766,10000
-347.3251037597656,46.714111328125,10000
-347.1891784667969,50.28707504272461,10000
-347.0536193847656,53.86012649536133,10000
-346.91864013671875,57.433265686035156,10000
-346.78424072265625,61.006507873535156,10000
-346.6507263183594,64.57984924316406,10000
-346.5181579589844,68.15328216552734,10000
-346.3865661621094,71.726806640625,10000
-346.25604248046875,75.30043029785156,10000
-346.1266784667969,78.87416076660156,10000
-345.9985046386719,82.4479751586914,10000
-345.87152099609375,86.02189636230469,10000
-345.7457275390625,89.59590911865234,10000
-345.6212158203125,93.1700210571289,1572
-345.4978332519531,96.74420928955078,10000
-345.37567138671875,100.3184814453125,10000
-345.25457763671875,103.89283752441406,10000
-345.1346130371094,107.46726989746094,10000
-345.015625,111.04178619384766,10000
-344.8975830078125,114.61637115478516,10000
-344.7804260253906,118.19102478027344,10000
-344.6640930175781,121.76571655273438,10000
-344.54852294921875,125.34051513671875,10000
-344.43365478515625,128.91534423828125,1572
-344.31939697265625,132.490234375,10000
-344.205810546875,136.065185546875,10000
-344.0928039550781,139.64019775390625,10000
-343.9803161621094,143.2152557373047,10000
-343.8683166503906,146.79034423828125,1572
-343.7568359375,150.36549377441406,10000
-343.6457214355469,153.94068908691406,10000
-343.5350646972656,157.51589965820312,10000
-343.4248352050781,161.0911865234375,10000
-343.31500244140625,164.66651916503906,10000
-343.20556640625,168.24191284179688,10000
-343.0964050292969,171.8173065185547,10000
-342.9874572753906,175.39268493652344,10000
-342.8785400390625,178.96807861328125,10000
-342.7696838378906,182.5431365966797,1552
-342.6608581542969,186.11390686035156,10000
-342.5520324707031,189.6718292236328,10000
-342.4435729980469,193.20765686035156,10000
-342.3356628417969,196.71450805664062,1498
-342.22821044921875,200.18771362304688,10000
-342.1213073730469,203.62368774414062,1627
-342.0150451660156,207.0198211669922,10000
-341.90936279296875,210.37391662597656,10000
-341.8043212890625,213.6844482421875,10000
-341.699951171875,216.9501495361328,10000
-341.5960998535156,220.17002868652344,10000
-341.4930725097656,223.34339904785156,10000
-341.3908996582031,226.46954345703125,10000
-341.2895202636719,229.54830932617188,10000
-341.1889343261719,232.57969665527344,10000
-341.0890197753906,235.56414794921875,10000
-340.98956298828125,238.50233459472656,10000
-340.890625,241.39495849609375,1579
-340.7918701171875,244.24305725097656,10000
-340.6927185058594,247.04981994628906,10000
-340.5924072265625,249.81971740722656,1489
-340.4901123046875,252.55506896972656,1149
-340.3852233886719,255.2571563720703,1127
-340.27655029296875,257.9284362792969,1106
-340.1625671386719,260.57318115234375,1085
-340.0418395996094,263.1954345703125,730
-339.9130859375,265.79571533203125,605
-339.7755432128906,268.3701171875,555
-339.62841796875,270.9132080078125,486
-339.47125244140625,273.4207458496094,417
-339.3041076660156,275.8904113769531,367
-339.12628173828125,278.3201904296875,322
-338.9361267089844,280.7082824707031,279
-338.7320251464844,283.0533142089844,251
-338.5123291015625,285.3539733886719,226
-338.27532958984375,287.6091003417969,200
-338.0189514160156,289.81744384765625,171
-337.74267578125,291.9783020019531,154
-337.4456481933594,294.0909423828125,138
-337.12603759765625,296.1542663574219,120
-336.7825622558594,298.1669616699219,112
-336.41363525390625,300.12750244140625,101
-336.0179138183594,302.03424072265625,88
-335.5947265625,303.88531494140625,80
-335.1438903808594,305.678955078125,72
-334.6658020019531,307.413330078125,64
-334.16241455078125,309.0882263183594,60
-333.6349182128906,310.7050476074219,55
-333.0808410644531,312.26416015625,49
-332.4964294433594,313.7655334472656,45
-331.87896728515625,315.2080383300781,43
-331.2270202636719,316.5912780761719,39
-330.53924560546875,317.916015625,37
-329.8143310546875,319.18548583984375,35
-329.05169677734375,320.3991394042969,33
-328.25201416015625,321.5548095703125,31
-327.4166259765625,322.6514892578125,30
-326.5469055175781,323.6881103515625,29
-325.64556884765625,324.6625061035156,28
-324.71484375,325.5735168457031,28
-323.7569274902344,326.4201965332031,27
-322.77459716796875,327.2013854980469,28
-321.7694396972656,327.9170227050781,29
-320.7424621582031,328.5677185058594,29
-319.6961975097656,329.15289306640625,29
-318.63287353515625,329.67230224609375,30
-317.5549621582031,330.1258850097656,32
-316.4642028808594,330.51458740234375,34
-315.3620910644531,330.8399963378906,37
-314.24969482421875,331.1047668457031,41
-313.1274719238281,331.3134765625,45
-311.9954833984375,331.4716796875,52
-310.8531494140625,331.5883483886719,64
-309.6994934082031,331.6744079589844,84
-308.53387451171875,331.7428894042969,124
-307.3567199707031,331.8094482421875,242
-306.16998291015625,331.8880310058594,10000
-304.9751281738281,331.98577880859375,285
-303.7730407714844,332.1046447753906,176
-302.565673828125,332.2492370605469,109
-301.35601806640625,332.4256896972656,81
-300.1455993652344,332.63568115234375,60
-298.9363098144531,332.8810729980469,51
-297.7315979003906,333.1653747558594,45
-296.53338623046875,333.4899597167969,41
-295.3442077636719,333.8562316894531,37
-294.16796875,334.2666320800781,35
-293.0072021484375,334.72222900390625,33
-291.865234375,335.2239685058594,31
-290.7467041015625,335.7732849121094,30
-289.65484619140625,336.3701171875,29
-288.5933837890625,337.0145263671875,28
-287.56561279296875,337.7058410644531,28
-286.5751647949219,338.4432067871094,27
-285.6263427734375,339.2251892089844,27
-284.7229919433594,340.04974365234375,27
-283.86749267578125,340.9150390625,27
-283.061279296875,341.81890869140625,27
-282.3060607910156,342.7591247558594,27
-281.6039123535156,343.7331848144531,27
-280.95562744140625,344.73834228515625,28
-280.3617248535156,345.772216796875,29
-279.82177734375,346.8323059082031,29
-279.33514404296875,347.91619873046875,30
-278.90118408203125,349.02154541015625,31
-278.51763916015625,350.1463928222656,32
-278.1817626953125,351.2890625,33
-277.8904113769531,352.4480285644531,35
-277.6391296386719,353.6219787597656,37
-277.4226379394531,354.80999755859375,39
-277.2360534667969,356.01104736328125,41
-277.0739440917969,357.2244567871094,43
-276.9320983886719,358.4494323730469,45
-276.8092041015625,359.685302734375,48
-276.7047119140625,360.9312744140625,50
-276.6195068359375,362.1867370605469,49
-276.5556945800781,363.451171875,50
-276.5152893066406,364.7239074707031,51
-276.50048828125,366.0043029785156,51
-276.5126647949219,367.2918395996094,52
-276.5535888671875,368.585693359375,52
-276.6233825683594,369.8854064941406,52
-276.7224426269531,371.1902770996094,52
-276.8515625,372.49945068359375,51
-277.0124816894531,373.8113098144531,51
-277.2069091796875,375.1244201660156,52
-277.43231201171875,376.4391784667969,53
-277.68670654296875,377.755859375,53
-277.9696960449219,379.0740661621094,52
-278.2803955078125,380.3934326171875,52
-278.61676025390625,381.7142639160156,52
